gbifID,species,countryCode,locality,stateProvince,individualCount,decimalLatitude,decimalLongitude,elevation,month,year
2787915334,Merops persicus,MA,"MA-Meknès-Tafilalet-R113 (31.1427,-5.2047)",Meknès-Tafilalet,2,31.142715,-5.204712,898,4,2019
2669940390,Merops persicus,MA,"(31.2074,-3.9241)",Meknès-Tafilalet,11,31.207445,-3.924051,713,4,2019
2048838549,Merops persicus,MA,Draa River,Sous-Massa-Draa,3,30.67505,-6.407239,902,3,2017
2676074804,Merops persicus,MA,"MA-Meknès-Tafilalet-R113 (31.1427,-5.2047)",Meknès-Tafilalet,2,31.142715,-5.204712,898,4,2019
2050718627,Merops persicus,MA,Escarpement au sud-ouest de Tinegherass,Meknès-Tafilalet,1,31.209732,-4.315025,780,4,2017
2064224504,Merops persicus,MA,Auberge Derkaoua,Meknès-Tafilalet,2,31.28981,-4.091935,747,5,2017
836549469,Merops persicus,MA,تدامريشت -- سد المنصور الدهبي | Barrage El Mansour Eddahbi--tadamreesht -- domaine générale,Sous-Massa-Draa,1,30.918804,-6.835792,1093,4,2012
2243849055,Merops persicus,MA,"Errachidia Province, Drâa-Tafilalet",,1,31.0839,-4.0406,684,3,2019
2609685178,Merops persicus,MA,"Ksar Tanamouste, Errachidia Province, Drâa-Tafilalet",,1,31.0769,-4.0282,691,4,2017
2707599321,Merops persicus,MA,Station d'épuration des eaux de Rissani,Meknès-Tafilalet,5,31.26397,-4.271297,755,8,2019
1198464617,Merops persicus,MA,Draa Valley,Sous-Massa-Draa,1,30.675714,-6.319199,909,4,2009
1791991920,Merops persicus,MA,wadi and date palms at Ksar Touroug,Meknès-Tafilalet,20,31.557888,-4.709752,896,3,2011
1791474170,Merops persicus,MA,El Jorf,Meknès-Tafilalet,20,31.495237,-4.407807,825,4,2005
3280373644,Merops persicus,MA,"Ved Hotel Kasbah, Merzouga",Meknès-Tafilalet,4,31.111555,-4.004852,702,4,2009
3284606841,Merops persicus,MA,Jorf الجرف,Meknès-Tafilalet,2,31.50608,-4.406526,818,3,2006
2793698194,Merops persicus,MA,Oued Ziz--au nord d'Erfoud,Meknès-Tafilalet,1,31.495537,-4.191659,825,3,2010
2064606764,Merops persicus,MA,"MA-Sus-Masa-Draa - 30,186x-5,575 - 15/4/2017 23:11",Sous-Massa-Draa,1,30.185944,-5.575425,656,4,2017
3282744511,Merops persicus,MA,تدامريشت -- سد المنصور الدهبي | Barrage El Mansour Eddahbi--tadamreesht -- domaine générale,Sous-Massa-Draa,2,30.918804,-6.835792,1093,7,2010
2734370933,Merops persicus,MA,"(31.2689,-4.2393)",Meknès-Tafilalet,6,31.2689,-4.239274,744,4,2019
1784951065,Merops persicus,MA,El Jorf,Meknès-Tafilalet,2,31.495237,-4.407807,825,3,2015
2125770244,Merops persicus,MA,Auberge Derkaoua,Meknès-Tafilalet,8,31.28981,-4.091935,747,4,2017
2748817377,Merops persicus,MA,"Aoufous, río",Meknès-Tafilalet,3,31.669416,-4.192797,869,4,2019
1402861056,Merops persicus,MA,Erfoud,Meknès-Tafilalet,2,31.429995,-4.246066,799,5,2015
2723863701,Merops persicus,MA,تدامريشت -- سد المنصور الدهبي | Barrage El Mansour Eddahbi--tadamreesht -- domaine générale,Sous-Massa-Draa,1,30.918804,-6.835792,1093,4,2016
3544988566,Merops persicus,MA,Palmeral Merzouga,Meknès-Tafilalet,7,31.100525,-4.010406,687,10,2021
3216701415,Merops persicus,MA,"N13, Sijilmassa, Drâa-Tafilalet, MA (31,285, -4,265)",Meknès-Tafilalet,500,31.284786,-4.264692,755,3,2019
2745130214,Merops persicus,MA,Zagora,Sous-Massa-Draa,21,30.345463,-5.840092,734,5,2008
2714985337,Merops persicus,MA,fezna roadside birding,Meknès-Tafilalet,6,31.513437,-4.448386,832,3,2016
2714618008,Merops persicus,MA,Barrage El Mansour,Sous-Massa-Draa,2,30.92683,-6.840325,1096,4,2006
3545860948,Merops persicus,MA,Mellab,Meknès-Tafilalet,1,31.581207,-4.747868,915,4,2006
2130850557,Merops persicus,MA,Erg Chebbi (general northeast area),Meknès-Tafilalet,6,31.231152,-3.963017,740,3,2018
2725157192,Merops persicus,MA,مرزوكة -- كتبان عرق شبي | Erg Chebbi--Merzouga,Meknès-Tafilalet,1,31.08315,-3.999495,697,6,2006
3211407656,Merops persicus,MA,MA-Ouarzazate (Mansour Eddahbi Dam),Sous-Massa-Draa,12,30.923555,-6.865172,1102,4,2016
2052971615,Merops persicus,MA,تدامريشت -- سد المنصور الدهبي | Barrage El Mansour Eddahbi--tadamreesht -- domaine générale,Sous-Massa-Draa,15,30.918804,-6.835792,1093,4,2017
2043014511,Merops persicus,MA,Auberge Derkaoua,Meknès-Tafilalet,6,31.28981,-4.091935,747,4,2017
3557907485,Merops persicus,MA,Errachidia-Goulmima road--43 km,Meknès-Tafilalet,5,31.80219,-4.69807,1052,6,2012
2747148232,Merops persicus,MA,Station d'épuration des eaux de Rissani,Meknès-Tafilalet,6,31.26397,-4.271297,755,5,2019
2801092014,Merops persicus,MA,"Ouarzazate Province (30.9267, -6.9118)",Sous-Massa-Draa,1,30.9267,-6.9118,1141,4,2013
2772656956,Merops persicus,MA,Tinejdad,Meknès-Tafilalet,4,31.509974,-5.00775,980,5,2019
2677000301,Merops persicus,MA,"(31.2074,-3.9241)",Meknès-Tafilalet,11,31.207445,-3.924051,713,4,2019
2786164748,Merops persicus,MA,"Drâa-Tafilalet, MA (31.309, -3.996)",Meknès-Tafilalet,5,31.309105,-3.995699,772,9,2019
2129938679,Merops persicus,MA,Kasba Taurot,Sous-Massa-Draa,2,30.919876,-6.899086,1132,4,2018
2756917027,Merops persicus,MA,Tinejdad,Meknès-Tafilalet,4,31.509974,-5.00775,980,5,2019
2171833715,Merops persicus,MA,"Oued Ziz, Erfoud",Meknès-Tafilalet,6,31.432106,-4.227419,794,5,2018
1786470681,Merops persicus,MA,Rissani,Meknès-Tafilalet,2,31.287401,-4.27032,753,4,2015
3284206325,Merops persicus,MA,Oued Ziz--au nord d'Erfoud,Meknès-Tafilalet,1,31.495537,-4.191659,825,3,2010
2048716283,Merops persicus,MA,Escarpement au sud-ouest de Tinegherass,Meknès-Tafilalet,1,31.209732,-4.315025,780,4,2017
3287612083,Merops persicus,MA,Oued Ziz--au nord d'Erfoud,Meknès-Tafilalet,2,31.495537,-4.191659,825,4,2006
1720322840,Merops persicus,MA,Champs de Beni Mimoune,Meknès-Tafilalet,34,31.263906,-4.238521,746,3,2016
1410648370,Merops persicus,MA,Oued Sayed,Guelmim-Es Smara,7,28.962997,-10.121584,230,3,2011
2147326406,Merops persicus,MA,Agdz,Sous-Massa-Draa,2,30.688559,-6.43846,922,4,2006
2716286181,Merops persicus,MA,"Drâa-Tafilalet, MA (31.309, -3.996)",Meknès-Tafilalet,5,31.309105,-3.995699,772,9,2019
2158378865,Merops persicus,MA,تدامريشت -- سد المنصور الدهبي | Barrage El Mansour Eddahbi--tadamreesht -- domaine générale,Sous-Massa-Draa,3,30.918804,-6.835792,1093,4,2018
3229463044,Merops persicus,MA,Palmeraie d'Igrane,Meknès-Tafilalet,4,31.140299,-4.021103,708,3,2020
1202113968,Merops persicus,MA,Jorf,Meknès-Tafilalet,1,31.479916,-4.386806,811,4,2005
2715869457,Merops persicus,MA,Rissani,Meknès-Tafilalet,10,31.286766,-4.270935,751,4,2001
3680688944,Merops persicus,MA,El Jorf,Meknès-Tafilalet,2,31.489204,-4.400018,821,4,2006
2765047989,Merops persicus,MA,Champs de Beni Mimoune,Meknès-Tafilalet,2,31.263906,-4.238521,746,4,2019
2781710185,Merops persicus,MA,"P7107, Sijilmassa, Drâa-Tafilalet, MA (31,277, -4,248)",Meknès-Tafilalet,1,31.276897,-4.248111,744,6,2019
3670248251,Merops persicus,MA,Erg Chebbi--Hassilabied,Meknès-Tafilalet,1,31.143082,-3.998165,740,4,2019
2710847307,Merops persicus,MA,Tafilalet-N10,Meknès-Tafilalet,1,31.500278,-5.069114,1011,4,2017
1746509845,Merops persicus,MA,Rissani (general area),Meknès-Tafilalet,150,31.288527,-4.287918,752,3,2016
2722826503,Merops persicus,MA,مرزوكة -- كتبان عرق شبي | Erg Chebbi--Merzouga,Meknès-Tafilalet,1,31.08315,-3.999495,697,4,2014
2150665105,Merops persicus,MA,Auberge Derkaoua,Meknès-Tafilalet,6,31.28981,-4.091935,747,4,2017
3212947294,Merops persicus,MA,E of Ouarzazate,Sous-Massa-Draa,3,30.938383,-6.886098,1116,7,2010
2669280222,Merops persicus,MA,"MA-Meknès-Tafilalet-R113 (31.1427,-5.2047)",Meknès-Tafilalet,2,31.142715,-5.204712,898,4,2019
2716210127,Merops persicus,MA,Oued Ziz--Errachidia,Meknès-Tafilalet,1,31.934944,-4.423081,1014,4,2009
2738185161,Merops persicus,MA,"R113, Drâa-Tafilalet, MA (31.175, -5.229)",Meknès-Tafilalet,2,31.174902,-5.228848,923,5,2019
3584348780,Merops persicus,MA,Rissani Ring Road,Meknès-Tafilalet,1,31.252338,-4.281977,756,4,2018
1786477621,Merops persicus,MA,Vallée des Oiseaux (Tagdilt Track),Sous-Massa-Draa,1,31.334959,-5.891968,1554,3,2015
2070165646,Merops persicus,MA,"31,884x-4,316 - 26 may. 2017 12:15 p. m.",Meknès-Tafilalet,3,31.88429,-4.315711,975,5,2017
1177936681,Merops persicus,MA,تدامريشت -- سد المنصور الدهبي | Barrage El Mansour Eddahbi--tadamreesht -- domaine générale,Sous-Massa-Draa,1,30.918804,-6.835792,1093,6,2014
3642226305,Merops persicus,MA,Barrage Zelmou,L'Oriental,15,32.13593,-2.89077,869,9,2009
2784304051,Merops persicus,MA,Station d'épuration des eaux de Rissani,Meknès-Tafilalet,2,31.26397,-4.271297,755,4,2014
1746517087,Merops persicus,MA,Rissani (general area),Meknès-Tafilalet,5,31.288527,-4.287918,752,4,2016
1791993564,Merops persicus,MA,Auberge Derkaoua,Meknès-Tafilalet,4,31.28981,-4.091935,747,3,2011
833465949,Merops persicus,MA,Erfoud,Meknès-Tafilalet,3,31.41731,-4.237976,791,4,2004
1791779991,Merops persicus,MA,ضاية صريج | Dayet Srij,Meknès-Tafilalet,2,31.093885,-4.051035,696,3,2013
2213224260,Merops persicus,MA,تدامريشت -- سد المنصور الدهبي | Barrage El Mansour Eddahbi--tadamreesht -- domaine générale,Sous-Massa-Draa,3,30.918804,-6.835792,1093,4,2016
2667422469,Merops persicus,MA,"MA-Meknès-Tafilalet-R113 (31.1427,-5.2047)",Meknès-Tafilalet,2,31.142715,-5.204712,898,4,2019
1789888590,Merops persicus,MA,Champs de Beni Mimoune,Meknès-Tafilalet,3,31.263906,-4.238521,746,4,2005
1202117564,Merops persicus,MA,Merzouga,Meknès-Tafilalet,1,31.098557,-4.011864,688,5,2005
2754127401,Merops persicus,MA,Fezna,Meknès-Tafilalet,7,31.52416,-4.456771,833,4,2019
2760546894,Merops persicus,MA,تدامريشت -- سد المنصور الدهبي | Barrage El Mansour Eddahbi--tadamreesht -- domaine générale,Sous-Massa-Draa,7,30.918804,-6.835792,1093,4,2019
2760553472,Merops persicus,MA,"MA-Meknès-Tafilalet-52472 (31.2668,-4.2749)",Meknès-Tafilalet,16,31.26676,-4.274902,753,4,2019
3889213497,Merops persicus,MA,,Souss - Massa - Draâ,1,30.687247,-6.190088,852,8,2022
2139935276,Merops persicus,MA,Date Palm Grove,Meknès-Tafilalet,5,31.267082,-4.238402,745,4,2018
2686982220,Merops persicus,MA,Draa river near Tamnougalt,Sous-Massa-Draa,5,30.674864,-6.406679,904,4,2019
3191475242,Merops persicus,MA,Gorges du Todra,Sous-Massa-Draa,1,31.586287,-5.590968,1575,4,2019
2674442781,Merops persicus,MA,تدامريشت -- سد المنصور الدهبي | Barrage El Mansour Eddahbi--tadamreesht -- domaine générale,Sous-Massa-Draa,12,30.918804,-6.835792,1093,4,2019
1791782626,Merops persicus,MA,Auberge Derkaoua,Meknès-Tafilalet,6,31.28981,-4.091935,747,3,2013
3201951358,Merops persicus,MA,Oued Draa--Tansikht,Sous-Massa-Draa,1,30.686808,-6.192155,854,3,2018
1744943864,Merops persicus,MA,"Taouz, Merzouga, Errachidia",Meknès-Tafilalet,2,30.906668,-3.996448,673,4,2016
1744731649,Merops persicus,MA,Oued Ziz--au nord d'Erfoud,Meknès-Tafilalet,10,31.495537,-4.191659,825,3,2016
2669245180,Merops persicus,MA,"(31.2074,-3.9241)",Meknès-Tafilalet,11,31.207445,-3.924051,713,4,2019
2151992075,Merops persicus,MA,Escarpement au sud-ouest de Tinegherass,Meknès-Tafilalet,1,31.209732,-4.315025,780,4,2017
2716800028,Merops persicus,MA,مرزوكة -- كتبان عرق شبي | Erg Chebbi--Merzouga,Meknès-Tafilalet,1,31.08315,-3.999495,697,3,2009
2776728052,Merops persicus,MA,Erfoud East - Oued Ziz,Meknès-Tafilalet,15,31.431309,-4.227359,792,4,2019
2714159492,Merops persicus,MA,"Boumalne Dades (31.3786, -5.9924)",Sous-Massa-Draa,1,31.3786,-5.9924,1528,4,2014
2699718649,Merops persicus,MA,Erfoud roadside stop,Meknès-Tafilalet,2,31.418968,-4.27379,787,4,2003
1406200103,Merops persicus,MA,sous,Sous-Massa-Draa,1,30.367025,-9.599948,11,6,2006
2676472587,Merops persicus,MA,"(31.7043,-4.1894)",Meknès-Tafilalet,3,31.704315,-4.189359,887,4,2019
961175446,Merops persicus,MA,Ouarzazate,Sous-Massa-Draa,6,30.917864,-6.903445,1118,7,2013
2773864823,Merops persicus,MA,N12--pont sur l'oued Draa,Guelmim-Es Smara,1,29.822216,-7.196687,471,6,2011
1580163682,Merops persicus,MA,Qued Ziz bei Erfoud,,1,31.417679,-4.236378,791,6,2017
2718222019,Merops persicus,MA,"Erfoud (31.4404, -4.2455)",Meknès-Tafilalet,3,31.4404,-4.2455,797,3,2006
1787898828,Merops persicus,MA,Mellab,Meknès-Tafilalet,8,31.581207,-4.747868,915,4,2006
2670599520,Merops persicus,MA,"MA-Meknès-Tafilalet-R113 (31.1427,-5.2047)",Meknès-Tafilalet,2,31.142715,-5.204712,898,4,2019
2146704279,Merops persicus,MA,Ksar Laachouria (area),Meknès-Tafilalet,2,31.506504,-4.426807,823,4,2018
1339084058,Merops persicus,MA,Lac Yasmina an den Dünen von Merzouga,,1,31.213116,-3.988741,735,4,2015
3262242335,Merops persicus,MA,Auberge Derkaoua,Meknès-Tafilalet,1,31.28981,-4.091935,747,5,2006
1741323130,Merops persicus,MA,Tinghir,Sous-Massa-Draa,1,31.507446,-5.533363,1274,4,2016
1750238938,Merops persicus,MA,fezna roadside birding,Meknès-Tafilalet,6,31.513437,-4.448386,832,3,2016
1177824560,Merops persicus,MA,Oued Ziz--au nord d'Erfoud,Meknès-Tafilalet,2,31.495537,-4.191659,825,6,2014
2841247973,Merops persicus,MA,Morocco - Région de Merzouga (Erfoud),,5,31.10682,-4.017716,686,3,2009
2835955812,Merops persicus,MA,Morocco - Ternata,,3,30.38115,-5.819535,726,4,2015
2835472029,Merops persicus,MA,Morocco - Bas Draa,,2,28.948398,-9.960993,280,4,2011
2832973632,Merops persicus,MA,Morocco - Rissani,,1,31.2643,-4.2358,744,3,2017
2836673892,Merops persicus,MA,Morocco - Ouarzazate,,1,30.92428,-6.870788,1101,4,2018
2671057395,Merops persicus,MA,"MA-Meknès-Tafilalet-52472 (31.2668,-4.2749)",Meknès-Tafilalet,16,31.26676,-4.274902,753,4,2019
1786481112,Merops persicus,MA,El Jorf,Meknès-Tafilalet,2,31.495237,-4.407807,825,3,2015
3208580464,Merops persicus,MA,Tinegheras,Meknès-Tafilalet,2,31.203333,-4.34275,729,4,2016
3823938442,Merops persicus,MA,Morocco - Rissani,,10,31.292689,-4.219978,748,4,2022
2844848160,Merops persicus,MA,Morocco - M'Hamid El Ghizlane,,1,29.828753,-5.66342,554,3,2008
2835132372,Merops persicus,MA,Morocco - Ouarzazate - Barrage Al Mansour Ad-Dahbi,,3,30.964814,-6.751108,1103,4,2016
946733120,Merops persicus,MA,30.9205x-6.9059 - 9 apr. 2013 22:01,Sous-Massa-Draa,5,30.920475,-6.905865,1141,4,2013
3686356809,Merops persicus,MA,Rissani--N12 over ravine,Meknès-Tafilalet,1,31.28644,-4.320258,742,4,2013
1187254839,Merops persicus,MA,Merzouga/Desert,Meknès-Tafilalet,1,31.098513,-4.012113,688,3,2007
1734986330,Merops persicus,MA,Rissani (general area),Meknès-Tafilalet,5,31.288527,-4.287918,752,4,2016
2679266468,Merops persicus,MA,Champs de Beni Mimoune,Meknès-Tafilalet,2,31.263906,-4.238521,746,5,2019
2668477696,Merops persicus,MA,"(31.6170,-4.9156)",Meknès-Tafilalet,3,31.61696,-4.915588,978,4,2019
3209050460,Merops persicus,MA,Erg Chebbi--nord,Meknès-Tafilalet,2,31.212925,-3.9884,736,3,2018
1770382794,Merops persicus,MA,Région de Ouarzazate,Sous-Massa-Draa,1,30.908499,-6.922883,1115,4,2006
3005219824,Merops persicus,MA,,Guelmim - Es-Semara,1,29.060004,-9.391879,590,9,2017
2634499341,Merops persicus,MA,,Meknès - Tafilalet,1,31.432057,-4.225771,797,5,2018
2790734623,Merops persicus,MA,Rissani,Meknès-Tafilalet,10,31.259954,-4.273344,749,4,2015
2832382381,Merops persicus,MA,Morocco - Région de Merzouga (Erfoud),,1,31.080552,-4.050164,690,3,2010
2840951028,Merops persicus,MA,Morocco - Rissani,,3,31.290143,-4.323811,745,9,2013
2832195849,Merops persicus,MA,Morocco - Ouarzazate - Barrage Al Mansour Ad-Dahbi,,6,30.958997,-6.789352,1107,4,2010
2843364697,Merops persicus,MA,Morocco - Tarmigt,,2,30.973975,-6.820818,1134,4,2017
2836163247,Merops persicus,MA,Morocco - Aoufous,,10,31.793543,-4.246416,928,4,2018
2836181532,Merops persicus,MA,Morocco - Ouarzazate,,1,30.911411,-6.87913,1098,4,2017
2841437421,Merops persicus,MA,Morocco - Afra,,2,30.69076,-6.294025,895,4,2019
2836295582,Merops persicus,MA,Morocco - Chorfa M'Daghra,,1,31.861,-4.2707,964,4,2016
2796988013,Merops persicus,MA,Assif Amerzgane,Sous-Massa-Draa,3,31.038475,-7.215571,1324,4,2014
1786469755,Merops persicus,MA,Rissani,Meknès-Tafilalet,6,31.287401,-4.27032,753,3,2015
2839933384,Merops persicus,MA,Morocco - Melaab,,3,31.5523,-4.7064,897,4,2017
2842937633,Merops persicus,MA,Morocco - Fezna,,4,31.503212,-4.421993,822,4,2017
2724405744,Merops persicus,MA,Oued Ziz--Errachidia,Meknès-Tafilalet,2,31.934944,-4.423081,1014,3,2013
2741214717,Merops persicus,MA,"MA-Meknès-Tafilalet-52472 (31.2668,-4.2749)",Meknès-Tafilalet,16,31.26676,-4.274902,753,4,2019
971803287,Merops persicus,MA,تدامريشت -- سد المنصور الدهبي | Barrage El Mansour Eddahbi--tadamreesht -- domaine générale,Sous-Massa-Draa,1,30.918804,-6.835792,1093,4,2003
2159660278,Merops persicus,MA,"Oued Ziz, Erfoud",Meknès-Tafilalet,6,31.432106,-4.227419,794,5,2018
1735025704,Merops persicus,MA,تدامريشت -- سد المنصور الدهبي | Barrage El Mansour Eddahbi--tadamreesht -- domaine générale,Sous-Massa-Draa,3,30.918804,-6.835792,1093,4,2016
2795088769,Merops persicus,MA,Gorge du Todra,Sous-Massa-Draa,5,31.526972,-5.530758,1281,4,2001
3210936820,Merops persicus,MA,Akka N'Ait Sidi,Guelmim-Es Smara,1,29.909351,-7.332774,578,8,2011
2787426253,Merops persicus,MA,Rissani (general area),Meknès-Tafilalet,4,31.288527,-4.287918,752,4,2007
3277047082,Merops persicus,MA,Circuit touristique Rissani,Meknès-Tafilalet,12,31.254408,-4.285238,753,4,2012
3645158220,Merops persicus,MA,تدامريشت -- سد المنصور الدهبي | Barrage El Mansour Eddahbi--tadamreesht -- domaine générale,Sous-Massa-Draa,2,30.918804,-6.835792,1093,4,2008
1720350063,Merops persicus,MA,Champs de Beni Mimoune,Meknès-Tafilalet,34,31.263906,-4.238521,746,3,2016
3212028673,Merops persicus,MA,Rissani area,Meknès-Tafilalet,1,31.289782,-4.277396,751,4,2012
3624631017,Merops persicus,MA,Oued Ziz--Tillicht,Meknès-Tafilalet,2,32.316784,-4.54816,1359,6,2012
2777069682,Merops persicus,MA,مرزوكة -- كتبان عرق شبي | Erg Chebbi--Merzouga,Meknès-Tafilalet,1,31.08315,-3.999495,697,9,2019
2167499745,Merops persicus,MA,Champs de Beni Mimoune,Meknès-Tafilalet,4,31.263906,-4.238521,746,4,2017
2787554367,Merops persicus,MA,Champs de Beni Mimoune,Meknès-Tafilalet,2,31.263906,-4.238521,746,4,2019
2723846410,Merops persicus,MA,Sahara Desert and Erfoud,Meknès-Tafilalet,1,31.405,-4.208,788,5,2019
1787896625,Merops persicus,MA,El Jorf,Meknès-Tafilalet,2,31.489204,-4.400018,821,4,2006
1402855650,Merops persicus,MA,Rissani,Meknès-Tafilalet,5,31.27799,-4.258876,756,5,2015
2143602872,Merops persicus,MA,تدامريشت -- سد المنصور الدهبي | Barrage El Mansour Eddahbi--tadamreesht -- domaine générale,Sous-Massa-Draa,4,30.918804,-6.835792,1093,4,2017
2790732761,Merops persicus,MA,"31,884x-4,316 - 26 may. 2017 12:15 p. m.",Meknès-Tafilalet,3,31.88429,-4.315711,975,5,2017
2703983845,Merops persicus,MA,Erg Chebbi--Hassilabied,Meknès-Tafilalet,3,31.143082,-3.998165,740,4,2014
2669006280,Merops persicus,MA,"MA-Meknès-Tafilalet-52472 (31.2668,-4.2749)",Meknès-Tafilalet,16,31.26676,-4.274902,753,4,2019
3288648522,Merops persicus,MA,Igli,Meknès-Tafilalet,2,31.555716,-4.709012,888,4,2012
591899105,Merops persicus,MA,Oued Draa--Tansikht,Sous-Massa-Draa,8,30.686808,-6.192155,854,3,2007
3229834641,Merops persicus,MA,"Auto selected 31.26542, -4.23540",Meknès-Tafilalet,2,31.26542,-4.235398,745,3,2020
3201061625,Merops persicus,MA,Oued Ziz--au nord d'Erfoud,Meknès-Tafilalet,2,31.495537,-4.191659,825,6,2018
1746514569,Merops persicus,MA,Rissani (general area),Meknès-Tafilalet,5,31.288527,-4.287918,752,4,2016
2160720588,Merops persicus,MA,"Oued Ziz, Erfoud",Meknès-Tafilalet,6,31.432106,-4.227419,794,5,2018
2132248909,Merops persicus,MA,Draa River,Sous-Massa-Draa,3,30.67505,-6.407239,902,3,2017
2775649984,Merops persicus,MA,"N9, Drâa-Tafilalet, MA (30.681, -6.428)",Sous-Massa-Draa,30,30.680943,-6.427548,926,9,2019
1730100402,Merops persicus,MA,تدامريشت -- سد المنصور الدهبي | Barrage El Mansour Eddahbi--tadamreesht -- domaine générale,Sous-Massa-Draa,4,30.918804,-6.835792,1093,4,2016
2153403041,Merops persicus,MA,"MA-Meknès-Tafilalet-P7107 (31,2665,-4,2355)",Meknès-Tafilalet,3,31.266535,-4.235455,743,4,2018
3215439652,Merops persicus,MA,Auberge Derkaoua,Meknès-Tafilalet,6,31.28981,-4.091935,747,4,2009
2677063382,Merops persicus,MA,Champs de Beni Mimoune,Meknès-Tafilalet,5,31.263906,-4.238521,746,4,2019
1788815488,Merops persicus,MA,Erg Chebbi--nord,Meknès-Tafilalet,1,31.212925,-3.9884,736,5,2009
2776582026,Merops persicus,MA,PN Souss-Massa--réserve animalière de Roukein,Sous-Massa-Draa,11,30.28438,-9.580526,24,4,2014
1359562590,Merops persicus,MA,Errachidia,Meknès-Tafilalet,1,31.94728,-4.463735,1059,4,2015
1770401555,Merops persicus,MA,Région de Ouarzazate,Sous-Massa-Draa,2,30.908499,-6.922883,1115,4,2006
3682155729,Merops persicus,MA,Tinegheras,Meknès-Tafilalet,1,31.22916,-4.300061,742,4,2016
2797462982,Merops persicus,MA,N12--pont sur l'oued Draa,Guelmim-Es Smara,1,29.822216,-7.196687,471,6,2011
2096725142,Merops persicus,MA,مرزوكة -- كتبان عرق شبي | Erg Chebbi--Merzouga,Meknès-Tafilalet,2,31.08315,-3.999495,697,9,2017
3297595287,Merops persicus,MA,Oued Draa--Tansikht,Sous-Massa-Draa,1,30.686808,-6.192155,854,4,2013
1168974805,Merops persicus,MA,MA-Tissint- Oued,Guelmim-Es Smara,3,29.90368,-7.314217,544,4,2014
1369200343,Merops persicus,MA,El Jorf - general area,Meknès-Tafilalet,4,31.488945,-4.400239,821,5,2015
1774631836,Merops persicus,MA,Oued Ziz--Errachidia,Meknès-Tafilalet,1,31.934944,-4.423081,1014,6,2016
2206651739,Merops persicus,MA,Date Palm Grove,Meknès-Tafilalet,5,31.267082,-4.238402,745,4,2018
3194359970,Merops persicus,MA,Rissani loop,Meknès-Tafilalet,10,31.256031,-4.253838,744,3,2013
2738430095,Merops persicus,MA,Tinejdad,Meknès-Tafilalet,4,31.509974,-5.00775,980,5,2019
833472815,Merops persicus,MA,Oued Draa--Tansikht,Sous-Massa-Draa,3,30.686808,-6.192155,854,4,2004
1791470376,Merops persicus,MA,El Jorf,Meknès-Tafilalet,24,31.495237,-4.407807,825,4,2005
2761780500,Merops persicus,MA,تدامريشت -- سد المنصور الدهبي | Barrage El Mansour Eddahbi--tadamreesht -- domaine générale,Sous-Massa-Draa,1,30.918804,-6.835792,1093,4,2019
3574854827,Merops persicus,MA,Mellab,Meknès-Tafilalet,8,31.581207,-4.747868,915,4,2006
1168973412,Merops persicus,MA,MA-Tleta Tagmoute,Guelmim-Es Smara,1,29.96846,-8.2474,1054,4,2014
1791992045,Merops persicus,MA,Erg Chebbi--nord,Meknès-Tafilalet,2,31.212925,-3.9884,736,3,2011
2723877018,Merops persicus,MA,Rissani,Meknès-Tafilalet,2,31.275997,-4.252067,751,4,2016
2153196520,Merops persicus,MA,Oued Gheris,Meknès-Tafilalet,1,31.64226,-4.848452,959,5,2005
2675342241,Merops persicus,MA,Champs de Beni Mimoune,Meknès-Tafilalet,6,31.263906,-4.238521,746,3,2019
2182951946,Merops persicus,MA,Rissani,Meknès-Tafilalet,2,31.278551,-4.278316,755,5,2018
2680558479,Merops persicus,MA,تدامريشت -- سد المنصور الدهبي | Barrage El Mansour Eddahbi--tadamreesht -- domaine générale,Sous-Massa-Draa,2,30.918804,-6.835792,1093,4,2019
2161782142,Merops persicus,MA,Date Palm Grove,Meknès-Tafilalet,5,31.267082,-4.238402,745,4,2018
1744681564,Merops persicus,MA,تدامريشت -- سد المنصور الدهبي | Barrage El Mansour Eddahbi--tadamreesht -- domaine générale,Sous-Massa-Draa,10,30.918804,-6.835792,1093,4,2016
2761428799,Merops persicus,MA,Ridge West of Rissani (Pharaoh Eagle Owl site),Meknès-Tafilalet,3,31.278028,-4.349556,773,4,2019
2791794737,Merops persicus,MA,Rissani,Meknès-Tafilalet,10,31.259954,-4.273344,749,4,2015
1344043741,Merops persicus,MA,Drive from Erfoud to Quarzazate,Sous-Massa-Draa,2,31.03411,-6.619263,1184,2,2000
2780508789,Merops persicus,MA,"MA-Meknès-Tafilalet-N13 (31.6682,-4.1915)",Meknès-Tafilalet,3,31.668234,-4.191491,877,4,2019
3215502146,Merops persicus,MA,MA-Rissani (E of town on N13),Meknès-Tafilalet,5,31.289726,-4.229186,754,4,2019
1411050230,Merops persicus,MA,تدامريشت -- سد المنصور الدهبي | Barrage El Mansour Eddahbi--tadamreesht -- domaine générale,Sous-Massa-Draa,5,30.918804,-6.835792,1093,3,2011
2038803160,Merops persicus,MA,Erg Chebbi--nord,Meknès-Tafilalet,1,31.212925,-3.9884,736,3,2017
2773945330,Merops persicus,MA,Escarpement au sud-ouest de Tinegherass,Meknès-Tafilalet,2,31.209732,-4.315025,780,4,2016
2225934508,Merops persicus,MA,Plaines de Zaida,Meknès-Tafilalet,1,32.791946,-4.944277,1483,5,2015
2777111636,Merops persicus,MA,Auberge Derkaoua,Meknès-Tafilalet,1,31.28981,-4.091935,747,4,2017
2790576821,Merops persicus,MA,Rissani,Meknès-Tafilalet,10,31.259954,-4.273344,749,4,2015
1411495453,Merops persicus,MA,Barrage El Mansour - centre,Sous-Massa-Draa,5,30.958942,-6.755862,1112,4,2013
3586716057,Merops persicus,MA,تدامريشت -- سد المنصور الدهبي | Barrage El Mansour Eddahbi--tadamreesht -- domaine générale,Sous-Massa-Draa,1,30.918804,-6.835792,1093,4,2013
2029539813,Merops persicus,MA,مرزوكة -- كتبان عرق شبي | Erg Chebbi--Merzouga,Meknès-Tafilalet,3,31.08315,-3.999495,697,6,2015
2787337851,Merops persicus,MA,Champs de Beni Mimoune,Meknès-Tafilalet,2,31.263906,-4.238521,746,4,2016
3152664128,Merops persicus,MA,Escarpement à l'oest de Rissani,Meknès-Tafilalet,2,31.278967,-4.359662,752,3,2014
3629163852,Merops persicus,MA,Merzouga general area - Tisserdmine | trip with Lahcen,Meknès-Tafilalet,2,31.290462,-4.030025,760,3,2019
1190268573,Merops persicus,MA,Oued Ziz--au nord d'Erfoud,Meknès-Tafilalet,2,31.495537,-4.191659,825,3,2014
3550586694,Merops persicus,MA,Rissani,Meknès-Tafilalet,2,31.281012,-4.258103,754,3,2013
3214352270,Merops persicus,MA,Oued Gheris,Meknès-Tafilalet,1,31.64226,-4.848452,959,4,2013
3618300120,Merops persicus,EH,Oasis Lamseyed,Western Sahara,1,27.04231,-13.094491,60,3,2008
1402530774,Merops persicus,MA,Vallée des Oiseaux (Tagdilt Track),Sous-Massa-Draa,1,31.334959,-5.891968,1554,9,2014
2713237700,Merops persicus,MA,تدامريشت -- سد المنصور الدهبي | Barrage El Mansour Eddahbi--tadamreesht -- domaine générale,Sous-Massa-Draa,1,30.918804,-6.835792,1093,9,2015
1763963274,Merops persicus,MA,South of Erfoud,Meknès-Tafilalet,1,31.39438,-4.266171,784,4,2008
1167621970,Merops persicus,MA,MA-Tleta Tagmoute,Guelmim-Es Smara,1,29.96846,-8.2474,1054,4,2014
3579681651,Merops persicus,MA,تدامريشت -- سد المنصور الدهبي | Barrage El Mansour Eddahbi--tadamreesht -- domaine générale,Sous-Massa-Draa,2,30.918804,-6.835792,1093,4,2019
2165500946,Merops persicus,MA,Date Palm Grove,Meknès-Tafilalet,5,31.267082,-4.238402,745,4,2018
3558563895,Merops persicus,MA,تدامريشت -- سد المنصور الدهبي | Barrage El Mansour Eddahbi--tadamreesht -- domaine générale,Sous-Massa-Draa,3,30.918804,-6.835792,1093,6,2012
2048809761,Merops persicus,MA,Station d'épuration des eaux de Rissani,Meknès-Tafilalet,5,31.26397,-4.271297,755,4,2017
3292069834,Merops persicus,MA,Barrage al-Hassan Addakhil,Meknès-Tafilalet,2,32.010513,-4.458389,1097,3,2009
2776087801,Merops persicus,MA,Rissani,Meknès-Tafilalet,10,31.259954,-4.273344,749,4,2015
2682636275,Merops persicus,MA,"(31.2074,-3.9241)",Meknès-Tafilalet,11,31.207445,-3.924051,713,4,2019
2685230494,Merops persicus,MA,تدامريشت -- سد المنصور الدهبي | Barrage El Mansour Eddahbi--tadamreesht -- domaine générale,Sous-Massa-Draa,3,30.918804,-6.835792,1093,4,2019
2716070426,Merops persicus,MA,Zagora--Nkhila desert,Sous-Massa-Draa,1,30.375343,-5.764313,730,4,2019
3272183528,Merops persicus,MA,MA-Ksar Touroug (Road R702),Meknès-Tafilalet,3,31.555433,-4.708241,891,4,2016
3579048841,Merops persicus,MA,oued draa area,Sous-Massa-Draa,1,30.012432,-5.521091,603,4,2000
3554450149,Merops persicus,MA,Oued Ziz--Tillicht,Meknès-Tafilalet,2,32.316784,-4.54816,1359,6,2012
1402861184,Merops persicus,MA,Rissani,Meknès-Tafilalet,5,31.27799,-4.258876,756,5,2015
1391160728,Merops persicus,MA,Merzouga,Meknès-Tafilalet,10,31.098557,-4.011864,688,9,2015
3287289178,Merops persicus,MA,Risani--Oued Rheris,Meknès-Tafilalet,14,31.27893,-4.360058,751,3,2008
2732802308,Merops persicus,MA,"(31.2422,-4.2231)",Meknès-Tafilalet,3,31.24223,-4.223093,742,4,2019
3563934490,Merops persicus,MA,Gorges du Ziz,Meknès-Tafilalet,1,32.175045,-4.366765,1223,4,2018
2143657240,Merops persicus,MA,Erg Chebbi--nord,Meknès-Tafilalet,1,31.212925,-3.9884,736,3,2017
2147696151,Merops persicus,MA,Rissani (multiple locations),Meknès-Tafilalet,3,31.260365,-4.317814,751,4,2018
1735664508,Merops persicus,MA,Oued Ziz--au nord d'Erfoud,Meknès-Tafilalet,10,31.495537,-4.191659,825,3,2016
3643097191,Merops persicus,MA,تدامريشت -- سد المنصور الدهبي | Barrage El Mansour Eddahbi--tadamreesht -- domaine générale,Sous-Massa-Draa,8,30.918804,-6.835792,1093,4,2008
3278759687,Merops persicus,MA,13km towards Jorf,Meknès-Tafilalet,3,31.440863,-4.319945,785,3,2006
1787859356,Merops persicus,MA,Rissani,Meknès-Tafilalet,2,31.281012,-4.258103,754,3,2013
3203929472,Merops persicus,MA,Timjerjt,Guelmim-Es Smara,1,29.96985,-7.34755,631,8,2011
2749342753,Merops persicus,MA,Champs de Beni Mimoune,Meknès-Tafilalet,5,31.263906,-4.238521,746,4,2019
3653723910,Merops persicus,MA,road to tamegroute,Sous-Massa-Draa,5,30.23615,-5.623745,663,4,2000
1167386607,Merops persicus,MA,MA-Tleta Tagmoute,Guelmim-Es Smara,1,29.96846,-8.2474,1054,4,2014
3638447588,Merops persicus,MA,Barrage de Zelmou,L'Oriental,10,32.13255,-2.88038,886,6,2008
2773762409,Merops persicus,MA,"Aoufous, río",Meknès-Tafilalet,3,31.669416,-4.192797,869,4,2019
1782688804,Merops persicus,MA,Rissani (general area),Meknès-Tafilalet,150,31.288527,-4.287918,752,3,2016
1791473223,Merops persicus,MA,Assif Amerzgane,Sous-Massa-Draa,10,31.038475,-7.215571,1324,4,2005
1168751809,Merops persicus,MA,Draa Valley,Sous-Massa-Draa,1,30.675714,-6.319199,909,4,2009
833459437,Merops persicus,MA,Tazzarine,Sous-Massa-Draa,7,30.788883,-5.576191,856,4,2004
3201656544,Merops persicus,MA,near Erfoud,Meknès-Tafilalet,6,31.446367,-4.337856,792,4,2003
2760045707,Merops persicus,MA,"(31.2074,-3.9241)",Meknès-Tafilalet,11,31.207445,-3.924051,713,4,2019
2744809395,Merops persicus,MA,Champs de Beni Mimoune,Meknès-Tafilalet,5,31.263906,-4.238521,746,4,2019
2157530692,Merops persicus,MA,تدامريشت -- سد المنصور الدهبي | Barrage El Mansour Eddahbi--tadamreesht -- domaine générale,Sous-Massa-Draa,16,30.918804,-6.835792,1093,5,2018
1735001500,Merops persicus,MA,Rissani (general area),Meknès-Tafilalet,150,31.288527,-4.287918,752,3,2016
2842241468,Merops persicus,MA,Morocco - Moulay Ali Cherif,,1,31.281868,-4.266909,759,4,2017
3905920007,Merops persicus,MA,Morocco - Rissani,,1,31.291262,-4.293321,751,6,2022
2832525933,Merops persicus,MA,Morocco - Es-Sfalat,,4,31.244505,-4.285296,750,6,2014
2838070750,Merops persicus,MA,Morocco - Ouarzazate - Barrage Al Mansour Ad-Dahbi,,2,30.935701,-6.783514,1093,4,2012
2839537333,Merops persicus,MA,Morocco - Rissani,,5,31.257795,-4.287878,748,4,2016
2043227189,Merops persicus,MA,Auberge Derkaoua,Meknès-Tafilalet,4,31.28981,-4.091935,747,4,2017
2757357443,Merops persicus,MA,"Aoufous, río",Meknès-Tafilalet,3,31.669416,-4.192797,869,4,2019
3200073847,Merops persicus,MA,Auberge Derkaoua,Meknès-Tafilalet,3,31.28981,-4.091935,747,4,2009
1761914655,Merops persicus,MA,Gorges du Todra,Sous-Massa-Draa,1,31.586287,-5.590968,1575,4,2016
1411074901,Merops persicus,MA,Rissani W,Meknès-Tafilalet,8,31.28574,-4.322004,749,3,2011
2712369152,Merops persicus,MA,Zagora--Nkhila desert,Sous-Massa-Draa,1,30.375343,-5.764313,730,4,2019
1788718757,Merops persicus,MA,Maroc-Routes de Rissani à Ouarzazate,Sous-Massa-Draa,3,31.447191,-5.339742,1137,4,2014
1746510995,Merops persicus,MA,Rissani (general area),Meknès-Tafilalet,150,31.288527,-4.287918,752,3,2016
3681673463,Merops persicus,MA,Sous-Massa-Draa,Sous-Massa-Draa,5,30.673569,-6.406824,908,4,2019
2772401323,Merops persicus,MA,مرزوكة -- كتبان عرق شبي | Erg Chebbi--Merzouga,Meknès-Tafilalet,3,31.08315,-3.999495,697,3,2018
2750736925,Merops persicus,MA,تدامريشت -- سد المنصور الدهبي | Barrage El Mansour Eddahbi--tadamreesht -- domaine générale,Sous-Massa-Draa,1,30.918804,-6.835792,1093,4,2019
2783060551,Merops persicus,MA,مرزوكة -- كتبان عرق شبي | Erg Chebbi--Merzouga,Meknès-Tafilalet,15,31.08315,-3.999495,697,9,2019
961139247,Merops persicus,MA,Oued Ziz--au nord d'Erfoud,Meknès-Tafilalet,2,31.495537,-4.191659,825,7,2013
2138254477,Merops persicus,MA,Escarpement au sud-ouest de Tinegherass,Meknès-Tafilalet,2,31.209732,-4.315025,780,4,2017
2762939771,Merops persicus,MA,"(31.2074,-3.9241)",Meknès-Tafilalet,11,31.207445,-3.924051,713,4,2019
2668179385,Merops persicus,MA,"MA-Meknès-Tafilalet-N13 (31.6682,-4.1915)",Meknès-Tafilalet,3,31.668234,-4.191491,877,4,2019
1774580627,Merops persicus,MA,Oued Bouanane,L'Oriental,20,32.034447,-3.059306,852,6,2016
3272332708,Merops persicus,MA,Errachidia,Meknès-Tafilalet,1,31.965836,-4.486338,1063,4,2016
2746938471,Merops persicus,MA,"(31.2074,-3.9241)",Meknès-Tafilalet,11,31.207445,-3.924051,713,4,2019
1177777896,Merops persicus,MA,Région de Merzouga,Meknès-Tafilalet,1,31.139582,-4.024086,710,6,2014
2684027619,Merops persicus,MA,تدامريشت -- سد المنصور الدهبي | Barrage El Mansour Eddahbi--tadamreesht -- domaine générale,Sous-Massa-Draa,4,30.918804,-6.835792,1093,4,2019
1746507772,Merops persicus,MA,Rissani (general area),Meknès-Tafilalet,150,31.288527,-4.287918,752,3,2016
2675690277,Merops persicus,MA,Erg Chebbi--noroest,Meknès-Tafilalet,3,31.201033,-4.026918,733,4,2019
2064164767,Merops persicus,MA,PN Souss-Massa--Ifenntar,Sous-Massa-Draa,1,29.96278,-9.659664,9,5,2017
2679965904,Merops persicus,MA,"MA-Meknès-Tafilalet-52472 (31.2668,-4.2749)",Meknès-Tafilalet,16,31.26676,-4.274902,753,4,2019
3206296811,Merops persicus,MA,Tinejdad تينجداد,Meknès-Tafilalet,3,31.512121,-5.023018,1002,4,2003
2743025209,Merops persicus,MA,Erfoud East - Oued Ziz,Meknès-Tafilalet,15,31.431309,-4.227359,792,4,2019
2685299406,Merops persicus,MA,ضاية صريج | Dayet Srij,Meknès-Tafilalet,1,31.093885,-4.051035,696,6,2019
1789926383,Merops persicus,MA,Gorges du Todra,Sous-Massa-Draa,1,31.586287,-5.590968,1575,9,2009
1402842420,Merops persicus,MA,Erfoud,Meknès-Tafilalet,2,31.429995,-4.246066,799,5,2015
2754898972,Merops persicus,MA,مرزوكة -- كتبان عرق شبي | Erg Chebbi--Merzouga,Meknès-Tafilalet,2,31.08315,-3.999495,697,3,2019
2677869519,Merops persicus,MA,"(31.6170,-4.9156)",Meknès-Tafilalet,3,31.61696,-4.915588,978,4,2019
1791994180,Merops persicus,MA,Oued Ziz--au nord d'Erfoud,Meknès-Tafilalet,12,31.495537,-4.191659,825,3,2011
2761895339,Merops persicus,MA,Oued Ziz--Errachidia,Meknès-Tafilalet,5,31.934944,-4.423081,1014,4,2019
3171086564,Merops persicus,MA,Targa N'ait Izzou,Sous-Massa-Draa,5,30.665562,-5.455765,779,3,2017
1167623402,Merops persicus,MA,MA-Tissint- Oued,Guelmim-Es Smara,3,29.90368,-7.314217,544,4,2014
2132257715,Merops persicus,MA,Station d'épuration des eaux de Rissani,Meknès-Tafilalet,7,31.26397,-4.271297,755,3,2017
2116618078,Merops persicus,MA,Agdz,Sous-Massa-Draa,2,30.688559,-6.43846,922,4,2006
969322260,Merops persicus,MA,"Ergchebbi, Errachidia Province, Meknes-Tafilalet, Morocco",Meknès-Tafilalet,1,31.16008,-3.959885,750,9,2013
2778881006,Merops persicus,MA,Champs de Beni Mimoune,Meknès-Tafilalet,2,31.263906,-4.238521,746,4,2019
3282955978,Merops persicus,MA,Tagdilt track south end,Sous-Massa-Draa,10,31.301636,-5.899976,1572,4,2018
2765093959,Merops persicus,MA,"Lunch Stop Nr Tazarine, Drâa-Tafilalet, MA (30.804, -5.603)",Sous-Massa-Draa,2,30.804417,-5.60323,881,9,2019
3266837507,Merops persicus,MA,Auberge Derkaoua,Meknès-Tafilalet,1,31.28981,-4.091935,747,4,2003
1743870137,Merops persicus,MA,ca 1 km SW. of R702 at 19.2 km due SE. of Erfoud (Tafilalt),Meknès-Tafilalet,2,31.2973,-4.1015,750,5,2016
3642204792,Merops persicus,MA,Hotel Riad Lghiam,Meknès-Tafilalet,6,31.277365,-4.254078,750,4,2018
2740735510,Merops persicus,MA,Champs de Beni Mimoune,Meknès-Tafilalet,6,31.263906,-4.238521,746,3,2019
2043454381,Merops persicus,MA,Auberge Derkaoua,Meknès-Tafilalet,16,31.28981,-4.091935,747,4,2017
2792270867,Merops persicus,MA,Rissani,Meknès-Tafilalet,10,31.259954,-4.273344,749,4,2015
2686787133,Merops persicus,MA,Station d'épuration des eaux de Rissani,Meknès-Tafilalet,3,31.26397,-4.271297,755,4,2019
3279191057,Merops persicus,MA,Oued Draa--Tansikht,Sous-Massa-Draa,1,30.686808,-6.192155,854,3,2019
2722479673,Merops persicus,MA,Gorges d'Imiter,Sous-Massa-Draa,1,31.38067,-5.765104,1396,3,2008
1791995193,Merops persicus,MA,تدامريشت -- سد المنصور الدهبي | Barrage El Mansour Eddahbi--tadamreesht -- domaine générale,Sous-Massa-Draa,4,30.918804,-6.835792,1093,3,2011
2705710190,Merops persicus,MA,Erg Chebbi--Hassilabied,Meknès-Tafilalet,4,31.143082,-3.998165,740,9,2019
2844430602,Merops persicus,MA,Morocco - Rissani,,6,31.263707,-4.235175,746,4,2019
3906008925,Merops persicus,MA,Morocco - Rissani,,1,31.292137,-4.292929,751,6,2022
2759599675,Merops persicus,MA,مرزوكة -- كتبان عرق شبي | Erg Chebbi--Merzouga,Meknès-Tafilalet,3,31.08315,-3.999495,697,4,2019
1735667067,Merops persicus,MA,Oued Ziz--au nord d'Erfoud,Meknès-Tafilalet,10,31.495537,-4.191659,825,3,2016
3297606332,Merops persicus,MA,Er Rachidia,Meknès-Tafilalet,2,31.915056,-4.469417,1035,4,2016
2840390015,Merops persicus,MA,Morocco - Rissani,,2,31.29394,-4.245105,755,4,2013
2840336446,Merops persicus,MA,Morocco - Rissani,,4,31.266,-4.237,747,5,2018
2833020492,Merops persicus,MA,Morocco - Rissani,,2,31.263904,-4.238558,746,4,2017
2840308715,Merops persicus,MA,Morocco - Rissani,,2,31.263904,-4.238558,746,4,2017
2836016602,Merops persicus,MA,Morocco - Erfoud,,7,31.439131,-4.248047,796,4,2014
2835810515,Merops persicus,MA,Morocco - Rissani,,2,31.287,-4.2898,743,4,2017
3822961502,Merops persicus,MA,Morocco - Er-Rissani,,1,31.293518,-4.216152,750,4,2022
3826751804,Merops persicus,MA,Morocco - Zagora,,4,30.320248,-5.835629,718,4,2022
2838939518,Merops persicus,MA,Morocco - M'Hamid El Ghizlane,,4,29.830071,-5.653131,559,3,2014
2836358856,Merops persicus,MA,Morocco - Ouarzazate,,3,30.923238,-6.865701,1097,4,2017
2832711518,Merops persicus,MA,Morocco - Tarmigt,,2,30.973,-6.8241,1130,4,2016
2838792024,Merops persicus,MA,Morocco - Tansifte,,1,30.67088,-6.387348,905,8,2013
2833051834,Merops persicus,MA,Morocco - Rissani,,4,31.265843,-4.237459,746,4,2017
2833119176,Merops persicus,MA,Morocco - Chorfa M'Daghra,,2,31.860824,-4.269285,962,4,2018
3902431098,Merops persicus,MA,,Meknès - Tafilalet,1,31.279095,-4.253431,747,4,2017
2157456353,Merops persicus,MA,Date Palm Grove,Meknès-Tafilalet,5,31.267082,-4.238402,745,4,2018
2833235220,Merops persicus,MA,Morocco - Es-Sfalat,,2,31.241827,-4.29087,749,4,2018
2832344639,Merops persicus,MA,Morocco - Es-Sfalat,,2,31.276569,-4.339174,742,4,2013
2842801207,Merops persicus,MA,Morocco - Tagounite,,1,29.985612,-5.512557,607,4,2018
2839869540,Merops persicus,MA,Morocco - Ouarzazate - Barrage Al Mansour Ad-Dahbi,,9,30.919251,-6.858846,1097,4,2017
2840261611,Merops persicus,MA,Morocco - Tarmigt,,2,30.973,-6.8241,1130,4,2016
2836128609,Merops persicus,MA,Morocco - Ouarzazate,,4,30.944015,-6.894769,1126,4,2017
2832807662,Merops persicus,MA,Morocco - Chorfa M'Daghra,,1,31.861,-4.2707,964,4,2016
2835930144,Merops persicus,MA,Morocco - Rissani,,1,31.288527,-4.305954,749,5,2015
2835411982,Merops persicus,MA,Morocco - Région de Merzouga (Erfoud),,10,31.092417,-4.050179,697,4,2011
2837656808,Merops persicus,MA,Morocco - Er-Rissani,,2,31.239754,-4.22294,744,3,2019
2791032464,Merops persicus,MA,Gorges du Dadès,Sous-Massa-Draa,1,31.509192,-5.940685,1664,3,2010
1394423034,Merops persicus,MA,Rissani (general area),Meknès-Tafilalet,1,31.288527,-4.287918,752,9,2015
2835738801,Merops persicus,MA,Morocco - Aarab Sebbah Ziz,,1,31.431093,-4.302925,781,4,2015
2839500822,Merops persicus,MA,Morocco - Ouarzazate - Barrage Al Mansour Ad-Dahbi,,2,30.9751,-6.7404,1127,4,2016
3275613061,Merops persicus,MA,Auberge Derkaoua,Meknès-Tafilalet,1,31.28981,-4.091935,747,4,2003
2700581456,Merops persicus,MA,"Drâa-Tafilalet, MA (31.309, -3.996)",Meknès-Tafilalet,5,31.309105,-3.995699,772,9,2019
2159171829,Merops persicus,MA,Date Palm Grove,Meknès-Tafilalet,5,31.267082,-4.238402,745,4,2018
2840588132,Merops persicus,MA,Morocco - Es-Sfalat,,3,31.24,-4.29,747,4,2018
2842604421,Merops persicus,MA,Morocco - Ferkla El Oulia,,16,31.500068,-5.069499,1008,4,2016
2840497170,Merops persicus,MA,Morocco - Rissani,,3,31.290143,-4.323811,745,9,2013
3905851769,Merops persicus,MA,Morocco - Rissani,,1,31.291262,-4.293321,751,6,2022
3719543587,Merops persicus,MA,Morocco - Rissani,,2,31.273485,-4.238818,745,3,2014
2832798628,Merops persicus,MA,Morocco - Aarab Sebbah Ziz,,2,31.3837,-4.1747,767,4,2016
2798422444,Merops persicus,MA,Timatraouine,Sous-Massa-Draa,1,31.4099,-5.7098,1358,5,2019
961137219,Merops persicus,MA,Oued Ziz--au nord d'Erfoud,Meknès-Tafilalet,2,31.495537,-4.191659,825,7,2013
2832285774,Merops persicus,MA,Morocco - Tansifte,,2,30.674639,-6.407272,905,4,2012
2839814581,Merops persicus,MA,Morocco - Chorfa M'Daghra,,1,31.8955,-4.3309,979,4,2016
3825084727,Merops persicus,MA,Morocco - Ouarzazate - Barrage Al Mansour Ad-Dahbi,,1,30.963483,-6.754106,1106,3,2016
2839755657,Merops persicus,MA,Morocco - Souss - Massa - Draâ,,6,30.968208,-6.725178,1132,3,2009
2836753088,Merops persicus,MA,Morocco - Rissani,,1,31.287828,-4.296502,753,4,2018
2838100799,Merops persicus,MA,Morocco - Meknès - Tafilalet,,4,31.681077,-4.18283,877,4,2009
2833242164,Merops persicus,MA,Morocco - Aoufous,,10,31.80085,-4.257975,939,4,2018
2839321921,Merops persicus,MA,Morocco - Es-Sfalat,,2,31.276569,-4.339174,742,4,2013
1677405015,Merops persicus,MA,Stausee El Mansour bei Ouarzazate / Marokko,,1,30.94228,-6.780281,1093,3,2001
922315543,Merops persicus,MA,Source Bleue de Meski,,1,31.856665,-4.283182,960,4,2000
2753908493,Merops persicus,MA,"MA-Meknès-Tafilalet-52472 (31.2668,-4.2749)",Meknès-Tafilalet,16,31.26676,-4.274902,753,4,2019
2836617399,Merops persicus,MA,Morocco - Ouarzazate,,12,30.923423,-6.866906,1099,4,2017
2028470288,Merops persicus,MA,,Souss - Massa - Draâ,1,30.942218,-6.909072,1133,5,2018
2838647654,Merops persicus,MA,Morocco - Rissani,,2,31.272861,-4.283546,740,3,2012
2832657742,Merops persicus,MA,Morocco - Tarmigt,,2,30.973,-6.8241,1130,4,2016
2839509558,Merops persicus,MA,Morocco - Ouarzazate - Barrage Al Mansour Ad-Dahbi,,3,30.964814,-6.751108,1103,4,2016
3824279337,Merops persicus,MA,Morocco - Er-Rissani,,2,31.293573,-4.215937,749,5,2022
2838168898,Merops persicus,MA,Morocco - Région de Merzouga (Erfoud),,10,31.092417,-4.050179,697,4,2011
3903945125,Merops persicus,MA,Morocco - Bni M'Hamed Sijelmassa,,2,31.302984,-4.174278,748,5,2022
2840072501,Merops persicus,MA,Morocco - Ouarzazate,,10,30.9234,-6.8692,1101,4,2017
2832385510,Merops persicus,MA,Morocco - Aarab Sebbah Ziz,,10,31.460062,-4.220123,819,4,2013
2835865335,Merops persicus,MA,Morocco - Ouarzazate - Barrage Al Mansour Ad-Dahbi,,7,30.975989,-6.756975,1126,3,2016
2832730453,Merops persicus,MA,Morocco - Ouarzazate - Barrage Al Mansour Ad-Dahbi,,3,30.96414,-6.761197,1095,3,2016
2833032715,Merops persicus,MA,Morocco - Aarab Sebbah Gheris,,1,31.487509,-4.403915,817,4,2017
2839531728,Merops persicus,MA,Morocco - Chorfa M'Daghra,,2,31.8498,-4.2567,958,4,2016
2832811317,Merops persicus,MA,Morocco - Aarab Sebbah Ziz,,2,31.385315,-4.177143,767,4,2016
2836002094,Merops persicus,MA,Morocco - Ouarzazate - Barrage Al Mansour Ad-Dahbi,,1,30.964932,-6.747626,1102,4,2013
2609683491,Merops persicus,MA,"Douar Derkaoua, Province d'Errachidia, Drâa-Tafilalet",,1,31.2897,-4.0931,745,4,2017
2609683720,Merops persicus,MA,"Province de Ouarzazate, Drâa-Tafilalet",,1,30.9216,-6.8577,1097,4,2017
2832333735,Merops persicus,MA,Morocco - M'Hamid El Ghizlane,,15,29.836074,-5.700091,549,4,2012
2840666242,Merops persicus,MA,Morocco - Oulad Yahia Lagraire,,1,30.688116,-6.190453,854,4,2012
2836107519,Merops persicus,MA,Morocco - Ouarzazate,,2,30.910106,-6.876505,1106,3,2016
2839894739,Merops persicus,MA,Morocco - Rissani,,4,31.265843,-4.237459,746,4,2017
2839784717,Merops persicus,MA,Morocco - Région de Merzouga (Erfoud),,1,31.091411,-4.047148,696,4,2012
3892309171,Merops persicus,MA,,Souss - Massa - Draâ,1,30.957567,-6.744042,1093,8,2022
2840264842,Merops persicus,MA,Morocco - Rissani,,5,31.265,-4.2362,744,3,2018
2832396675,Merops persicus,MA,Morocco - Bni M'Hamed Sijelmassa,,2,31.287756,-4.092242,749,4,2012
3212716303,Merops persicus,MA,Asni,Marrakech-Tensift-Al Haouz,40,31.2524,-7.9833,1226,3,2009
3542170580,Merops persicus,MA,Rissani,Meknès-Tafilalet,3,31.261469,-4.229217,743,4,2018
2789984337,Merops persicus,MA,ضاية صريج | Dayet Srij,Meknès-Tafilalet,8,31.093885,-4.051035,696,9,2019
594012558,Merops persicus,MA,Barrage al-Mansoor Ed-Dahbi,Sous-Massa-Draa,4,30.924906,-6.875381,1112,3,2011
3201066593,Merops persicus,MA,تدامريشت -- سد المنصور الدهبي | Barrage El Mansour Eddahbi--tadamreesht -- domaine générale,Sous-Massa-Draa,4,30.918804,-6.835792,1093,4,2006
1180398480,Merops persicus,MA,Rissani,Meknès-Tafilalet,1,31.295668,-4.253898,751,3,2013
1361217148,Merops persicus,MA,Ouarzazate lake,Sous-Massa-Draa,12,30.964563,-6.731407,1097,4,2015
2051175205,Merops persicus,MA,Oued draa,Sous-Massa-Draa,10,30.329159,-5.842035,724,4,2017
1791980128,Merops persicus,MA,تدامريشت -- سد المنصور الدهبي | Barrage El Mansour Eddahbi--tadamreesht -- domaine générale,Sous-Massa-Draa,1,30.918804,-6.835792,1093,3,2011
2720472123,Merops persicus,MA,Barrage El Mansour Eddahbi,Sous-Massa-Draa,1,30.968113,-6.725688,1132,4,2012
1791775565,Merops persicus,MA,Auberge Derkaoua,Meknès-Tafilalet,30,31.28981,-4.091935,747,3,2013
1759472140,Merops persicus,MA,Rissani (general area),Meknès-Tafilalet,4,31.288527,-4.287918,752,4,2007
1391749151,Merops persicus,MA,Erfoud (general area),Meknès-Tafilalet,20,31.43215,-4.233341,804,4,2012
2677862715,Merops persicus,MA,"N9. Río Draa ( 30.6847, -6.1933 )",Sous-Massa-Draa,2,30.6847,-6.1933,867,4,2019
3664870555,Merops persicus,MA,Fezna,Meknès-Tafilalet,7,31.529295,-4.46983,836,4,2019
1761275727,Merops persicus,MA,Aoufous-Puente al sur,Meknès-Tafilalet,1,31.669065,-4.19225,872,4,2016
2145402960,Merops persicus,MA,Date Palm Grove,Meknès-Tafilalet,5,31.267082,-4.238402,745,4,2018
2125195361,Merops persicus,MA,Auberge Derkaoua,Meknès-Tafilalet,6,31.28981,-4.091935,747,4,2017
3268458756,Merops persicus,MA,Tazenakht Desert Area,Sous-Massa-Draa,2,30.56418,-7.226151,1428,4,2006
2680177446,Merops persicus,MA,تدامريشت -- سد المنصور الدهبي | Barrage El Mansour Eddahbi--tadamreesht -- domaine générale,Sous-Massa-Draa,2,30.918804,-6.835792,1093,4,2019
1763800511,Merops persicus,MA,Tingir to Erfoud,Meknès-Tafilalet,10,31.550964,-4.866815,933,4,2008
2059810227,Merops persicus,MA,تدامريشت -- سد المنصور الدهبي | Barrage El Mansour Eddahbi--tadamreesht -- domaine générale,Sous-Massa-Draa,1,30.918804,-6.835792,1093,4,2017
1402537309,Merops persicus,MA,Vallée des Oiseaux (Tagdilt Track),Sous-Massa-Draa,1,31.334959,-5.891968,1554,9,2014
3224181014,Merops persicus,MA,"Riad Nezha & palmerie, Merzouga",Meknès-Tafilalet,1,31.100094,-4.012481,689,3,2014
3540254710,Merops persicus,MA,"Tamnougalt, MA",Sous-Massa-Draa,3,30.674387,-6.396532,915,4,2017
2782800393,Merops persicus,MA,"Drâa-Tafilalet, MA (31.309, -3.996)",Meknès-Tafilalet,5,31.309105,-3.995699,772,9,2019
2683290526,Merops persicus,MA,"(31.6170,-4.9156)",Meknès-Tafilalet,3,31.61696,-4.915588,978,4,2019
2071121265,Merops persicus,MA,تدامريشت -- سد المنصور الدهبي | Barrage El Mansour Eddahbi--tadamreesht -- domaine générale,Sous-Massa-Draa,2,30.918804,-6.835792,1093,5,2017
1774624640,Merops persicus,MA,Bouanane center,L'Oriental,1,32.040554,-3.04869,861,6,2016
2672684115,Merops persicus,MA,"MA-Meknès-Tafilalet-R113 (31.1427,-5.2047)",Meknès-Tafilalet,2,31.142715,-5.204712,898,4,2019
2145315518,Merops persicus,MA,"MA-Meknès-Tafilalet-52454 Er-Rissani (31,1882,-4,3425)",Meknès-Tafilalet,8,31.188194,-4.342463,727,4,2018
2157616247,Merops persicus,MA,Date Palm Grove,Meknès-Tafilalet,5,31.267082,-4.238402,745,4,2018
2698437155,Merops persicus,MA,تدامريشت -- سد المنصور الدهبي | Barrage El Mansour Eddahbi--tadamreesht -- domaine générale,Sous-Massa-Draa,6,30.918804,-6.835792,1093,4,2016
3623970997,Merops persicus,MA,Oued Draa--Tansikht,Sous-Massa-Draa,2,30.686808,-6.192155,854,9,2021
2762939401,Merops persicus,MA,"(31.2074,-3.9241)",Meknès-Tafilalet,11,31.207445,-3.924051,713,4,2019
2767974677,Merops persicus,MA,تدامريشت -- سد المنصور الدهبي | Barrage El Mansour Eddahbi--tadamreesht -- domaine générale,Sous-Massa-Draa,3,30.918804,-6.835792,1093,4,2019
2052611379,Merops persicus,MA,تدامريشت -- سد المنصور الدهبي | Barrage El Mansour Eddahbi--tadamreesht -- domaine générale,Sous-Massa-Draa,6,30.918804,-6.835792,1093,3,2017
2175725765,Merops persicus,MA,Rissani,Meknès-Tafilalet,2,31.278551,-4.278316,755,5,2018
1406437490,Merops persicus,MA,sous,Sous-Massa-Draa,1,30.367025,-9.599948,11,6,2006
1784869476,Merops persicus,MA,Rissani,Meknès-Tafilalet,6,31.287401,-4.27032,753,3,2015
1784867625,Merops persicus,MA,Rissani,Meknès-Tafilalet,2,31.287401,-4.27032,753,4,2015
2213605984,Merops persicus,MA,"N13, Drâa-Tafilalet, MA (31,278, -4,28)",Meknès-Tafilalet,1,31.278294,-4.279574,751,4,2016
2672589648,Merops persicus,MA,"(31.6170,-4.9156)",Meknès-Tafilalet,3,31.61696,-4.915588,978,4,2019
2716302237,Merops persicus,MA,Oued Draa--Tansikht,Sous-Massa-Draa,5,30.686808,-6.192155,854,4,2000
1774638257,Merops persicus,MA,Barrage de Bouanane,L'Oriental,5,32.131264,-2.889297,862,6,2016
2712301549,Merops persicus,MA,Erg Chebbi--nord,Meknès-Tafilalet,3,31.212925,-3.9884,736,3,2008
3194382458,Merops persicus,MA,تدامريشت -- سد المنصور الدهبي | Barrage El Mansour Eddahbi--tadamreesht -- domaine générale,Sous-Massa-Draa,1,30.918804,-6.835792,1093,3,2010
1782708018,Merops persicus,MA,Rissani (general area),Meknès-Tafilalet,5,31.288527,-4.287918,752,4,2016
2724451704,Merops persicus,MA,Agdz 10 Km SW on R108 road,Sous-Massa-Draa,2,30.679379,-6.477646,963,4,2012
3295732631,Merops persicus,MA,Merzouga-Erg Chebbi,Meknès-Tafilalet,1,31.065815,-4.011358,691,3,2008
1203286918,Merops persicus,MA,ضاية صريج | Dayet Srij,Meknès-Tafilalet,20,31.093885,-4.051035,696,5,2008
2142351518,Merops persicus,MA,"Morocco, Derkaoua",Meknès-Tafilalet,8,31.29,-4.092,747,4,2017
3584811159,Merops persicus,MA,Goulmima,Meknès-Tafilalet,2,31.69896,-4.947421,1021,4,2008
1165963047,Merops persicus,MA,MA-Tissint- Oued,Guelmim-Es Smara,3,29.90368,-7.314217,544,4,2014
1763882203,Merops persicus,MA,Draa River Valley,Sous-Massa-Draa,1,30.671728,-6.332374,893,4,2008
2757718520,Merops persicus,MA,"R703, Ouarzazate MA-Souss-Massa-Drâa (31.5481,-5.5811)",Sous-Massa-Draa,10,31.518337,-5.529041,1278,4,2019
2165362797,Merops persicus,MA,Date Palm Grove,Meknès-Tafilalet,5,31.267082,-4.238402,745,4,2018
2747367342,Merops persicus,MA,Champs de Beni Mimoune,Meknès-Tafilalet,5,31.263906,-4.238521,746,4,2019
2668935483,Merops persicus,MA,Station d'épuration des eaux de Rissani,Meknès-Tafilalet,3,31.26397,-4.271297,755,4,2019
3290889927,Merops persicus,MA,"Unnamed Road, Drâa-Tafilalet, MA (31.213, -3.988)",Meknès-Tafilalet,2,31.212954,-3.987822,730,10,2020
1402542187,Merops persicus,MA,Merzouga,Meknès-Tafilalet,60,31.098557,-4.011864,688,9,2014
1178846974,Merops persicus,MA,تدامريشت -- سد المنصور الدهبي | Barrage El Mansour Eddahbi--tadamreesht -- domaine générale,Sous-Massa-Draa,1,30.918804,-6.835792,1093,3,2013
3290377912,Merops persicus,MA,Agadir,Sous-Massa-Draa,2,30.938967,-7.21158,1258,4,2003
3285250941,Merops persicus,MA,Ridge West of Rissani (Pharaoh Eagle Owl site),Meknès-Tafilalet,1,31.278028,-4.349556,773,4,2013
2670594369,Merops persicus,MA,"MA-Meknès-Tafilalet-52472 (31.2668,-4.2749)",Meknès-Tafilalet,16,31.26676,-4.274902,753,4,2019
3276172934,Merops persicus,MA,drive Alnif to Tazzarine,Meknès-Tafilalet,5,30.951729,-5.293865,867,4,2003
2717204681,Merops persicus,MA,ضاية صريج | Dayet Srij,Meknès-Tafilalet,50,31.093885,-4.051035,696,3,2019
1735941401,Merops persicus,MA,تدامريشت -- سد المنصور الدهبي | Barrage El Mansour Eddahbi--tadamreesht -- domaine générale,Sous-Massa-Draa,3,30.918804,-6.835792,1093,4,2016
3586739114,Merops persicus,MA,تدامريشت -- سد المنصور الدهبي | Barrage El Mansour Eddahbi--tadamreesht -- domaine générale,Sous-Massa-Draa,3,30.918804,-6.835792,1093,4,2000
1720326030,Merops persicus,MA,Champs de Beni Mimoune,Meknès-Tafilalet,34,31.263906,-4.238521,746,3,2016
2661029215,Merops persicus,MA,Palmeraie de Zagora,Sous-Massa-Draa,1,30.32198,-5.82836,705,3,2019
3294676772,Merops persicus,MA,Erg Chebbi--nord,Meknès-Tafilalet,3,31.212925,-3.9884,736,3,2008
2711047041,Merops persicus,MA,تدامريشت -- سد المنصور الدهبي | Barrage El Mansour Eddahbi--tadamreesht -- domaine générale,Sous-Massa-Draa,1,30.918804,-6.835792,1093,3,2010
2679268619,Merops persicus,MA,Champs de Beni Mimoune,Meknès-Tafilalet,6,31.263906,-4.238521,746,3,2019
2147304405,Merops persicus,MA,Rissani,Meknès-Tafilalet,2,31.278551,-4.278316,755,5,2018
2233945361,Merops persicus,MA,Rissani,Meknès-Tafilalet,1,31.281397,-4.258244,754,4,2016
2706209833,Merops persicus,MA,Er Rachidia,Meknès-Tafilalet,2,31.9665,-4.486361,1071,4,2016
2714284080,Merops persicus,MA,"Souss-Massa-Draâ Region (30.6749, -6.4066)",Sous-Massa-Draa,1,30.6749,-6.4066,904,3,2016
1179012392,Merops persicus,MA,Garganta Todra,Sous-Massa-Draa,1,31.585642,-5.589058,1658,3,2013
2720866809,Merops persicus,MA,Aoufous,Meknès-Tafilalet,3,31.6901,-4.181821,887,3,2010
3216045698,Merops persicus,MA,MA-Rissani (E of town on N13),Meknès-Tafilalet,6,31.289726,-4.229186,754,4,2016
2670538659,Merops persicus,MA,"MA-Meknès-Tafilalet-R113 (31.1427,-5.2047)",Meknès-Tafilalet,2,31.142715,-5.204712,898,4,2019
1787896678,Merops persicus,MA,Mellab,Meknès-Tafilalet,1,31.581207,-4.747868,915,4,2006
3297377745,Merops persicus,MA,Oued Ziz--Errachidia,Meknès-Tafilalet,6,31.934944,-4.423081,1014,4,2009
2665467020,Merops persicus,MA,Villa Zagora,Sous-Massa-Draa,1,30.319202,-5.827703,722,3,2019
2071152775,Merops persicus,MA,desert around auberge derkoura,Meknès-Tafilalet,4,31.33575,-4.102192,765,5,2017
1788720442,Merops persicus,MA,Oued Aassif Ounila--Aït Benhaddou,Sous-Massa-Draa,1,31.045864,-7.131483,1272,4,2014
3187131786,Merops persicus,MA,ضاية صريج | Dayet Srij,Meknès-Tafilalet,1,31.093885,-4.051035,696,4,2019
3216081226,Merops persicus,MA,مرزوكة -- كتبان عرق شبي | Erg Chebbi--Merzouga,Meknès-Tafilalet,1,31.08315,-3.999495,697,9,2019
2674486871,Merops persicus,MA,"MA-Meknès-Tafilalet-52472 (31.2668,-4.2749)",Meknès-Tafilalet,16,31.26676,-4.274902,753,4,2019
3664728952,Merops persicus,MA,Jorf الجرف,Meknès-Tafilalet,1,31.50608,-4.406526,818,4,2004
3222853701,Merops persicus,MA,"Auto selected 31.26542, -4.23540",Meknès-Tafilalet,2,31.26542,-4.235398,745,3,2020
2790298170,Merops persicus,MA,Erg Chebbi,Meknès-Tafilalet,1,31.174,-3.9867,785,9,2019
1774645211,Merops persicus,MA,Bouanane's cultivated area,L'Oriental,2,32.04339,-3.042521,856,6,2016
1735940200,Merops persicus,MA,تدامريشت -- سد المنصور الدهبي | Barrage El Mansour Eddahbi--tadamreesht -- domaine générale,Sous-Massa-Draa,3,30.918804,-6.835792,1093,4,2016
3272586876,Merops persicus,MA,Erg Chebbi--nord,Meknès-Tafilalet,3,31.212925,-3.9884,736,3,2008
2744965183,Merops persicus,MA,تدامريشت -- سد المنصور الدهبي | Barrage El Mansour Eddahbi--tadamreesht -- domaine générale,Sous-Massa-Draa,3,30.918804,-6.835792,1093,4,2019
2673233397,Merops persicus,MA,Ridge West of Rissani (Pharaoh Eagle Owl site),Meknès-Tafilalet,3,31.278028,-4.349556,773,4,2019
2750877823,Merops persicus,MA,Station d'épuration des eaux de Rissani,Meknès-Tafilalet,3,31.26397,-4.271297,755,4,2019
2680671035,Merops persicus,MA,"(31.6170,-4.9156)",Meknès-Tafilalet,3,31.61696,-4.915588,978,4,2019
2679968268,Merops persicus,MA,Station d'épuration des eaux de Rissani,Meknès-Tafilalet,3,31.26397,-4.271297,755,4,2019
2779197429,Merops persicus,MA,Oulad Othmane,Sous-Massa-Draa,2,30.60699,-6.163199,828,6,2019
1746509052,Merops persicus,MA,Rissani (general area),Meknès-Tafilalet,5,31.288527,-4.287918,752,4,2016
1762455374,Merops persicus,MA,MA-Meknes-Tafilalet-Merzouga-Unnamed Road - 31.085x-4.008,Meknès-Tafilalet,3,31.084757,-4.007984,690,9,2016
3564601352,Merops persicus,MA,Merzouga Area,Meknès-Tafilalet,4,31.101,-4.02,704,3,2007
2682861406,Merops persicus,MA,"MA-Meknès-Tafilalet-N13 (31.6682,-4.1915)",Meknès-Tafilalet,3,31.668234,-4.191491,877,4,2019
2169298238,Merops persicus,MA,Tinjdad,Meknès-Tafilalet,1,31.514606,-5.018864,995,5,2018
3289134371,Merops persicus,MA,Ouzarzate to Agdz,Sous-Massa-Draa,4,30.788845,-6.717055,1364,3,2006
1791776267,Merops persicus,MA,تدامريشت -- سد المنصور الدهبي | Barrage El Mansour Eddahbi--tadamreesht -- domaine générale,Sous-Massa-Draa,2,30.918804,-6.835792,1093,3,2013
2767736876,Merops persicus,MA,"(31.2689,-4.2393)",Meknès-Tafilalet,6,31.2689,-4.239274,744,4,2019
1734956496,Merops persicus,MA,Oued Ziz--au nord d'Erfoud,Meknès-Tafilalet,10,31.495537,-4.191659,825,3,2016
2772361056,Merops persicus,MA,Barrage Aoulouz,Sous-Massa-Draa,7,30.686493,-8.150697,754,4,2014
3152649595,Merops persicus,MA,مرزوكة -- كتبان عرق شبي | Erg Chebbi--Merzouga,Meknès-Tafilalet,2,31.08315,-3.999495,697,3,2020
1182880315,Merops persicus,MA,Erfoud - Merzouga,Meknès-Tafilalet,2,31.302021,-4.095841,755,5,2010
961166973,Merops persicus,MA,Ouarzazate,Sous-Massa-Draa,6,30.917864,-6.903445,1118,7,2013
833475545,Merops persicus,MA,Erfoud,Meknès-Tafilalet,4,31.432178,-4.304924,781,4,2004
3288936328,Merops persicus,MA,Gorges du Dadès,Sous-Massa-Draa,1,31.509192,-5.940685,1664,3,2010
2720835819,Merops persicus,MA,Vallée des Oiseaux (Tagdilt Track),Sous-Massa-Draa,6,31.334959,-5.891968,1554,4,2014
2179682737,Merops persicus,MA,Zagora Desert Camp,Sous-Massa-Draa,1,30.35599,-5.727482,771,4,2018
2106522017,Merops persicus,MA,تدامريشت -- سد المنصور الدهبي | Barrage El Mansour Eddahbi--tadamreesht -- domaine générale,Sous-Massa-Draa,1,30.918804,-6.835792,1093,5,2017
3209594485,Merops persicus,MA,Tansikht bridge over Oued Draa,Sous-Massa-Draa,2,30.687174,-6.192527,855,3,2014
2799277698,Merops persicus,MA,"Oued Ziz, Rissani",Meknès-Tafilalet,1,31.27786,-4.279018,750,5,2010
2192079054,Merops persicus,MA,Jorf area,Meknès-Tafilalet,2,31.488983,-4.400258,821,3,2014
3621183449,Merops persicus,MA,Errachidia-Goulmima road--43 km,Meknès-Tafilalet,5,31.80219,-4.69807,1052,6,2012
2748657471,Merops persicus,MA,ضاية صريج | Dayet Srij,Meknès-Tafilalet,5,31.093885,-4.051035,696,4,2019
2726078136,Merops persicus,MA,Rissani (general area),Meknès-Tafilalet,4,31.288527,-4.287918,752,4,2007
2141773390,Merops persicus,MA,تدامريشت -- سد المنصور الدهبي | Barrage El Mansour Eddahbi--tadamreesht -- domaine générale,Sous-Massa-Draa,4,30.918804,-6.835792,1093,4,2017
2062468710,Merops persicus,MA,Vallée de l'Ourika,Marrakech-Tensift-Al Haouz,1,31.239517,-7.664165,1364,4,2017
2697023593,Merops persicus,MA,"Drâa-Tafilalet, MA (31.22, -3.954)",Meknès-Tafilalet,4,31.220463,-3.953665,728,9,2019
2731052062,Merops persicus,MA,"Unnamed Road, Drâa-Tafilalet, MA (30,687, -6,193)",Sous-Massa-Draa,2,30.687357,-6.192569,856,4,2019
2734871672,Merops persicus,MA,Champs de Beni Mimoune,Meknès-Tafilalet,12,31.263906,-4.238521,746,3,2019
1396341548,Merops persicus,MA,Ouarzazate Wadi,Sous-Massa-Draa,4,30.9637,-6.8461,1142,4,2007
2127036251,Merops persicus,MA,El Jorf,Meknès-Tafilalet,14,31.502605,-4.421933,824,4,2006
2671960191,Merops persicus,MA,"N9, Drâa-Tafilalet, MA (30,671, -6,396)",Sous-Massa-Draa,6,30.670723,-6.395751,908,4,2019
3290782704,Merops persicus,MA,تدامريشت -- سد المنصور الدهبي | Barrage El Mansour Eddahbi--tadamreesht -- domaine générale,Sous-Massa-Draa,2,30.918804,-6.835792,1093,4,2006
3286974774,Merops persicus,MA,"84000, Tata MA-Guelmim-Es Semara 29.73730, -7.97728",Guelmim-Es Smara,2,29.737305,-7.977276,661,4,2018
3275980968,Merops persicus,MA,Marrakesh,Marrakech-Tensift-Al Haouz,50,31.6326,-8.0125,462,3,2009
2078121842,Merops persicus,MA,river below erfoud,Meknès-Tafilalet,2,31.432692,-4.227762,800,5,2017
3616071086,Merops persicus,MA,Oued Ziz--Errachidia,Meknès-Tafilalet,10,31.934944,-4.423081,1014,4,2004
2125949988,Merops persicus,MA,تدامريشت -- سد المنصور الدهبي | Barrage El Mansour Eddahbi--tadamreesht -- domaine générale,Sous-Massa-Draa,10,30.918804,-6.835792,1093,4,2017
2138657407,Merops persicus,MA,"(30,3254,-5,8306)",Sous-Massa-Draa,1,30.325386,-5.830635,712,3,2018
1788718903,Merops persicus,MA,Maroc-Rissani,Meknès-Tafilalet,4,31.280165,-4.258275,758,4,2014
3192506912,Merops persicus,MA,Escarpement à l'oest de Rissani,Meknès-Tafilalet,1,31.278967,-4.359662,752,3,2019
1369102824,Merops persicus,MA,Rissani (general area),Meknès-Tafilalet,2,31.288527,-4.287918,752,5,2015
2723782251,Merops persicus,MA,Merzouga-Rissani,Meknès-Tafilalet,1,31.232,-4.083,744,4,2019
3672281641,Merops persicus,MA,Risanni--Ksar Ammar,Meknès-Tafilalet,1,31.23491,-4.23521,744,4,2013
592933688,Merops persicus,MA,Erfoud vicinity,Meknès-Tafilalet,4,31.445066,-4.22905,800,3,2011
2097467080,Merops persicus,MA,مرزوكة -- كتبان عرق شبي | Erg Chebbi--Merzouga,Meknès-Tafilalet,2,31.08315,-3.999495,697,9,2017
2784270789,Merops persicus,MA,Champs de Beni Mimoune,Meknès-Tafilalet,12,31.263906,-4.238521,746,3,2019
2775912457,Merops persicus,MA,Champs de Beni Mimoune,Meknès-Tafilalet,2,31.263906,-4.238521,746,5,2019
3619294152,Merops persicus,MA,Tagdilt track south end,Sous-Massa-Draa,1,31.301636,-5.899976,1572,3,2008
3277675407,Merops persicus,MA,MA-Rissani (Escarpment along N12),Meknès-Tafilalet,6,31.278673,-4.347564,742,4,2016
3213821318,Merops persicus,MA,مرزوكة -- كتبان عرق شبي | Erg Chebbi--Merzouga,Meknès-Tafilalet,10,31.08315,-3.999495,697,4,2017
2709196528,Merops persicus,MA,Escarpement à l'oest de Imiter,Sous-Massa-Draa,2,31.374048,-5.810267,1467,4,2014
1726182889,Merops persicus,MA,fezna roadside birding,Meknès-Tafilalet,6,31.513437,-4.448386,832,3,2016
2669574384,Merops persicus,MA,Champs de Beni Mimoune,Meknès-Tafilalet,2,31.263906,-4.238521,746,4,2019
3629437894,Merops persicus,MA,ضاية صريج | Dayet Srij,Meknès-Tafilalet,1,31.093885,-4.051035,696,4,2008
3580528946,Merops persicus,MA,تدامريشت -- سد المنصور الدهبي | Barrage El Mansour Eddahbi--tadamreesht -- domaine générale,Sous-Massa-Draa,2,30.918804,-6.835792,1093,7,2010
3200419284,Merops persicus,MA,مرزوكة -- كتبان عرق شبي | Erg Chebbi--Merzouga,Meknès-Tafilalet,15,31.08315,-3.999495,697,9,2019
961082081,Merops persicus,MA,Ouarzazate,Sous-Massa-Draa,6,30.917864,-6.903445,1118,7,2013
1737972899,Merops persicus,MA,تدامريشت -- سد المنصور الدهبي | Barrage El Mansour Eddahbi--tadamreesht -- domaine générale,Sous-Massa-Draa,3,30.918804,-6.835792,1093,4,2016
2041467861,Merops persicus,MA,Champs de Beni Mimoune,Meknès-Tafilalet,4,31.263906,-4.238521,746,4,2017
2155180986,Merops persicus,MA,Erg Chebbi--nord,Meknès-Tafilalet,1,31.212925,-3.9884,736,4,2018
3685310942,Merops persicus,MA,Oued Ziz--Errachidia,Meknès-Tafilalet,5,31.934944,-4.423081,1014,4,2019
2796956670,Merops persicus,MA,Auberge Derkaoua,Meknès-Tafilalet,1,31.28981,-4.091935,747,4,2006
1784932742,Merops persicus,MA,Vallée des Oiseaux (Tagdilt Track),Sous-Massa-Draa,1,31.334959,-5.891968,1554,3,2015
2675864779,Merops persicus,MA,Champs de Beni Mimoune,Meknès-Tafilalet,2,31.263906,-4.238521,746,5,2019
2669237345,Merops persicus,MA,Station d'épuration des eaux de Rissani,Meknès-Tafilalet,3,31.26397,-4.271297,755,4,2019
1744724309,Merops persicus,MA,تدامريشت -- سد المنصور الدهبي | Barrage El Mansour Eddahbi--tadamreesht -- domaine générale,Sous-Massa-Draa,3,30.918804,-6.835792,1093,4,2016
2188346276,Merops persicus,MA,Station d'épuration des eaux de Rissani,Meknès-Tafilalet,5,31.26397,-4.271297,755,4,2017
2717907085,Merops persicus,MA,مرزوكة -- كتبان عرق شبي | Erg Chebbi--Merzouga,Meknès-Tafilalet,1,31.08315,-3.999495,697,4,2002
2832295753,Merops persicus,MA,Morocco - Rissani,,2,31.272861,-4.283546,740,3,2012
2832877640,Merops persicus,MA,Morocco - Rissani,,2,31.290434,-4.270163,752,4,2016
2842679764,Merops persicus,MA,Morocco - Aarab Sebbah Ziz,,2,31.3837,-4.1747,767,4,2016
2048722271,Merops persicus,MA,Champs de Beni Mimoune,Meknès-Tafilalet,4,31.263906,-4.238521,746,4,2017
1791976993,Merops persicus,MA,واد سوس | Embouchure du Oued Souss,Sous-Massa-Draa,1,30.36236,-9.586773,10,4,2011
3192408641,Merops persicus,MA,تدامريشت -- سد المنصور الدهبي | Barrage El Mansour Eddahbi--tadamreesht -- domaine générale,Sous-Massa-Draa,3,30.918804,-6.835792,1093,4,2009
2836214139,Merops persicus,MA,Morocco - Ouarzazate,,2,30.919,-6.8621,1098,4,2018
3825226367,Merops persicus,MA,Morocco - Moulay Ali Cherif,,1,31.287421,-4.259005,755,3,2014
2835895371,Merops persicus,MA,Morocco - Ouarzazate,,2,30.9231,-6.8654,1098,4,2016
2843089110,Merops persicus,MA,Morocco - Aarab Sebbah Ziz,,10,31.485185,-4.215545,807,4,2011
2832760459,Merops persicus,MA,Morocco - Rissani,,5,31.287671,-4.31036,753,4,2016
3824121989,Merops persicus,MA,Morocco - Tansifte,,3,30.669966,-6.393242,912,4,2022
2840151022,Merops persicus,MA,Morocco - Er-Rissani,,3,31.261432,-4.229289,742,4,2018
3822254354,Merops persicus,MA,Morocco - Rissani,,2,31.35954,-4.287136,770,3,2014
2832456511,Merops persicus,MA,Morocco - Afra,,1,30.6778,-6.2749,875,4,2014
2838691424,Merops persicus,MA,Morocco - Dadès-Draa\n,,30,31.129911,-6.527975,1296,7,2011
2840299936,Merops persicus,MA,Morocco - Ouarzazate,,2,30.9264,-6.8756,1110,4,2018
2836146391,Merops persicus,MA,Morocco - Arfoud,,2,31.428921,-4.236765,806,4,2016
2839273044,Merops persicus,MA,Morocco - Melaab,,1,31.550453,-4.680862,887,5,2015
2841585513,Merops persicus,MA,Morocco - Ouarzazate - Barrage Al Mansour Ad-Dahbi,,1,30.971793,-6.758312,1100,3,2016
3278853893,Merops persicus,MA,تدامريشت -- سد المنصور الدهبي | Barrage El Mansour Eddahbi--tadamreesht -- domaine générale,Sous-Massa-Draa,1,30.918804,-6.835792,1093,4,2019
1744950351,Merops persicus,MA,Merzouga,Meknès-Tafilalet,2,31.098557,-4.011864,688,4,2016
2841590432,Merops persicus,MA,Morocco - Rissani,,2,31.271672,-4.243877,746,4,2016
2832378933,Merops persicus,MA,Morocco - Chorfa M'Daghra,,2,31.86136,-4.283059,963,3,2014
2838521657,Merops persicus,MA,Morocco - Er-Rissani,,1,31.265832,-4.158537,727,4,2012
2843272317,Merops persicus,MA,Morocco - Rissani,,3,31.26,-4.24,744,4,2018
2835662720,Merops persicus,MA,Morocco - M'Hamid El Ghizlane,,10,29.832494,-5.638274,556,4,2012
922284453,Merops persicus,MA,Stadtgebiet Taroudant,,1,30.47294,-8.87455,252,11,2001
2844756263,Merops persicus,MA,Morocco - Ouarzazate - Barrage Al Mansour Ad-Dahbi,,2,30.96471,-6.742619,1098,6,2019
2832764679,Merops persicus,MA,Morocco - Chorfa M'Daghra,,1,31.8955,-4.3309,979,4,2016
2835698622,Merops persicus,MA,Morocco - Ouarzazate - Barrage Al Mansour Ad-Dahbi,,8,30.964699,-6.73799,1120,5,2013
2840698628,Merops persicus,MA,Morocco - Tansifte,,15,30.688894,-6.443023,929,3,2012
2836094752,Merops persicus,MA,Morocco - Tarmigt,,2,30.973,-6.8241,1130,4,2016
3825135697,Merops persicus,MA,Morocco - Rissani,,3,31.257749,-4.287814,749,4,2016
3247740954,Merops persicus,MA,"N13, Sijilmassa, Drâa-Tafilalet, MA (31,285, -4,265)",Meknès-Tafilalet,500,31.284786,-4.264692,755,3,2019
1735667329,Merops persicus,MA,Oued Ziz--au nord d'Erfoud,Meknès-Tafilalet,10,31.495537,-4.191659,825,3,2016
2842066242,Merops persicus,MA,Morocco - Rissani,,2,31.264421,-4.238955,744,3,2019
2844371515,Merops persicus,MA,Morocco - Ouarzazate - Barrage Al Mansour Ad-Dahbi,,15,30.913567,-6.847376,1099,4,2019
2832445804,Merops persicus,MA,Morocco - Ouarzazate - Barrage Al Mansour Ad-Dahbi,,3,30.922603,-6.860389,1095,7,2013
2839942406,Merops persicus,MA,Morocco - Melaab,,3,31.544693,-4.667655,890,4,2017
2038802729,Merops persicus,MA,Station d'épuration des eaux de Rissani,Meknès-Tafilalet,7,31.26397,-4.271297,755,3,2017
2678396422,Merops persicus,MA,"MA-Meknès-Tafilalet-R113 (31.1427,-5.2047)",Meknès-Tafilalet,2,31.142715,-5.204712,898,4,2019
2832869465,Merops persicus,MA,Morocco - Afra,,2,30.694283,-6.238669,867,4,2016
2842959567,Merops persicus,MA,Morocco - Melaab,,10,31.555,-4.7082,888,3,2017
2835533554,Merops persicus,MA,Morocco - Es-Sfalat,,2,31.276569,-4.339174,742,4,2013
2833133179,Merops persicus,MA,Morocco - Rissani,,1,31.287828,-4.296502,753,4,2018
3995976270,Merops persicus,MA,Morocco - Erfoud,,10,31.406396,-4.232483,784,4,2012
2836053379,Merops persicus,MA,Morocco - Bni M'Hamed Sijelmassa,,8,31.2903,-4.0928,749,4,2017
2841518368,Merops persicus,MA,Morocco - Agdz,,1,30.675512,-6.388121,927,4,2012
2064649185,Merops persicus,MA,Champs de Beni Mimoune,Meknès-Tafilalet,3,31.263906,-4.238521,746,4,2017
3553546893,Merops persicus,MA,تدامريشت -- سد المنصور الدهبي | Barrage El Mansour Eddahbi--tadamreesht -- domaine générale,Sous-Massa-Draa,3,30.918804,-6.835792,1093,6,2012
2840419404,Merops persicus,MA,Morocco - Erfoud,,1,31.4093,-4.2477,785,3,2017
2837195516,Merops persicus,MA,Morocco - Oulad Yahia Lagraire,,1,30.642112,-6.15293,851,7,2019
2840114753,Merops persicus,MA,Morocco - Afra,,1,30.677847,-6.274757,875,4,2012
2837710239,Merops persicus,MA,Morocco - Rissani,,2,31.254734,-4.285171,747,4,2019
2839958571,Merops persicus,MA,Morocco - Chorfa M'Daghra,,1,31.8955,-4.3309,979,4,2016
3826730837,Merops persicus,MA,Morocco - N'Kob,,7,30.859036,-5.82279,988,4,2022
2832375638,Merops persicus,MA,Morocco - Rissani,,2,31.29394,-4.245105,755,4,2013
3716600317,Merops persicus,MA,Morocco - Aarab Sebbah Ziz,,1,31.464248,-4.218691,814,4,2016
2662255503,Merops persicus,MA,"Avenue Mohamed V, Ouarzazate MA-Souss-Massa-Drâa (30.9205,-6.8982)",Sous-Massa-Draa,19,30.920458,-6.898181,1135,3,2019
2839608484,Merops persicus,MA,Morocco - Chorfa M'Daghra,,1,31.861,-4.2707,964,4,2016
2836727793,Merops persicus,MA,Morocco - Es-Sfalat,,2,31.2177,-4.3071,735,4,2017
3905540165,Merops persicus,MA,Morocco - Rissani,,3,31.293335,-4.218581,749,5,2022
2836436402,Merops persicus,MA,Morocco - Rissani,,4,31.2629,-4.239,747,4,2016
2839310535,Merops persicus,MA,Morocco - Moulay Ali Cherif,,9,31.2833,-4.2683,748,3,2014
2841962545,Merops persicus,MA,Morocco - Chorfa M'Daghra,,2,31.8498,-4.2567,958,4,2016
3822355493,Merops persicus,MA,Morocco - M'Hamid El Ghizlane,,1,29.824902,-5.6798,551,5,2014
2840637125,Merops persicus,MA,Morocco - Es-Sfalat,,2,31.276536,-4.339265,742,4,2013
2835483574,Merops persicus,MA,Morocco - Rissani,,2,31.35954,-4.287136,770,3,2014
2832290972,Merops persicus,MA,Morocco - Ouarzazate,,2,30.915367,-6.881384,1106,4,2012
2840319525,Merops persicus,MA,Morocco - Rissani,,1,31.285029,-4.319447,743,4,2016
2840798188,Merops persicus,MA,Morocco - Ouarzazate,,2,30.920892,-6.86455,1100,4,2018
2840185954,Merops persicus,MA,Morocco - Jorf,,2,31.480341,-4.394216,817,4,2018
2840846937,Merops persicus,MA,Morocco - Ouarzazate,,1,30.92428,-6.870788,1101,4,2018
2842226581,Merops persicus,MA,Morocco - Er-Rissani,,5,31.2936,-4.2111,744,4,2017
2838698352,Merops persicus,MA,Morocco - Bni M'Hamed Sijelmassa,,2,31.290067,-4.092493,749,4,2011
2835762816,Merops persicus,MA,Morocco - Aarab Sebbah Ziz,,2,31.3837,-4.1747,767,4,2016
2838748811,Merops persicus,MA,Morocco - Es-Sfalat,,2,31.277258,-4.342904,738,4,2012
2836107677,Merops persicus,MA,Morocco - Afra,,6,30.6788,-6.2762,883,4,2016
3824443728,Merops persicus,MA,Morocco - Zagora,,4,30.320248,-5.835629,718,4,2022
2839077386,Merops persicus,MA,Morocco - Rissani,,1,31.3042,-4.2505,753,3,2014
2839424367,Merops persicus,MA,Morocco - M'Hamid El Ghizlane,,2,29.830262,-5.660325,557,3,2014
3824478681,Merops persicus,MA,Morocco - Er-Rissani,,5,31.293629,-4.212556,746,5,2022
2842705357,Merops persicus,MA,Morocco - Rissani,,5,31.26,-4.24,744,3,2016
2841642511,Merops persicus,MA,Morocco - Ouarzazate,,3,30.923041,-6.865785,1098,4,2016
2832657729,Merops persicus,MA,Morocco - Aarab Sebbah Ziz,,2,31.3837,-4.1747,767,4,2016
3823226776,Merops persicus,MA,Morocco - Er-Rissani,,5,31.293629,-4.212556,746,5,2022
2836949325,Merops persicus,MA,Morocco - Rissani,,3,31.287565,-4.317675,751,4,2018
2840596876,Merops persicus,MA,Morocco - Rissani,,8,31.266815,-4.276619,743,4,2018
2843653280,Merops persicus,MA,Morocco - Ouarzazate - Barrage Al Mansour Ad-Dahbi,,6,30.971068,-6.761488,1114,7,2015
2839018554,Merops persicus,MA,Morocco - Ouarzazate - Barrage Al Mansour Ad-Dahbi,,1,30.964932,-6.747626,1102,4,2013
2838593697,Merops persicus,MA,Morocco - M'Hamid El Ghizlane,,25,29.839641,-5.635528,560,4,2012
2832322486,Merops persicus,MA,Morocco - Oulad Yahia Lagraire,,1,30.680735,-6.171913,868,4,2013
2839955430,Merops persicus,MA,Morocco - Rissani,,3,31.285,-4.3226,754,4,2017
3826753976,Merops persicus,MA,Morocco - Agdz,,10,30.671969,-6.391683,909,4,2022
2834121289,Merops persicus,MA,Morocco - Tarmigt,,1,30.953559,-6.86845,1123,4,2019
2832175681,Merops persicus,MA,Morocco - Afra,,1,30.677847,-6.274757,875,4,2012
2839424029,Merops persicus,MA,Morocco - Rissani,,9,31.277596,-4.257945,749,4,2015
2839221492,Merops persicus,MA,Morocco - Es-Sfalat,,2,31.276536,-4.339265,742,4,2013
3822986933,Merops persicus,MA,Morocco - Ouarzazate,,1,30.923226,-6.866208,1098,4,2018
2838065493,Merops persicus,MA,Morocco - Souss - Massa - Draâ,,2,30.965687,-6.825,1126,4,2010
2843602977,Merops persicus,MA,Morocco - Es-Sfalat,,1,31.234124,-4.293102,748,4,2018
2837361273,Merops persicus,MA,Morocco - Tarmigt,,1,30.953559,-6.86845,1123,4,2019
2841187499,Merops persicus,MA,Morocco - Rissani,,3,31.286784,-4.320545,739,3,2014
2838366407,Merops persicus,MA,Morocco - Meknès - Tafilalet,,4,31.681077,-4.18283,877,4,2009
2832496938,Merops persicus,MA,Morocco - Aarab Sebbah Ziz,,1,31.4026,-4.2552,789,4,2015
2840353293,Merops persicus,MA,Morocco - Rissani,,4,31.265843,-4.237459,746,4,2017
2841029687,Merops persicus,MA,Morocco - Ouarzazate - Barrage Al Mansour Ad-Dahbi,,2,30.9751,-6.7404,1127,4,2016
2837104770,Merops persicus,MA,Morocco - Rissani,,8,31.264393,-4.238957,744,3,2019
2833189011,Merops persicus,MA,Morocco - Rissani,,3,31.287565,-4.317675,751,4,2018
2840216636,Merops persicus,MA,Morocco - Ouarzazate,,3,30.923238,-6.865701,1097,4,2017
2838924629,Merops persicus,MA,Morocco - Moulay Ali Cherif,,1,31.287421,-4.259005,755,3,2014
2836543587,Merops persicus,MA,Morocco - Arfoud,,1,31.4293,-4.2416,796,3,2017
2838775281,Merops persicus,MA,Morocco - Tansifte,,1,30.676601,-6.407433,905,4,2012
2836380204,Merops persicus,MA,Morocco - Ouarzazate - Barrage Al Mansour Ad-Dahbi,,2,30.975292,-6.740967,1126,3,2016
2840233476,Merops persicus,MA,Morocco - Ouarzazate,,4,30.9221,-6.8656,1099,4,2017
3825216726,Merops persicus,MA,Morocco - Afra,,2,30.695188,-6.242124,887,4,2016
2836039396,Merops persicus,MA,Morocco - Ouarzazate - Barrage Al Mansour Ad-Dahbi,,1,30.9069,-6.8572,1110,3,2017
2832202074,Merops persicus,MA,Morocco - Ouarzazate - Barrage Al Mansour Ad-Dahbi,,6,30.958997,-6.789352,1107,4,2010
2836681594,Merops persicus,MA,Morocco - Rissani,,3,31.264948,-4.2391,745,5,2018
2832310844,Merops persicus,MA,Morocco - Rissani,,12,31.281932,-4.225209,749,5,2012
2836172781,Merops persicus,MA,Morocco - Ouarzazate - Barrage Al Mansour Ad-Dahbi,,2,30.9751,-6.7404,1127,4,2016
2839601075,Merops persicus,MA,Morocco - Rissani,,1,31.292893,-4.246273,751,4,2015
2838678041,Merops persicus,MA,Morocco - Tansifte,,5,30.669477,-6.394858,906,8,2013
2840096261,Merops persicus,MA,Morocco - Ouarzazate,,3,30.923238,-6.865701,1097,4,2017
2836144735,Merops persicus,MA,Morocco - Ouarzazate - Barrage Al Mansour Ad-Dahbi,,1,30.919251,-6.858846,1097,4,2017
2832848407,Merops persicus,MA,Morocco - Rissani,,5,31.268555,-4.238746,743,4,2016
2838476916,Merops persicus,MA,Morocco - Er-Rissani,,1,31.265832,-4.158537,727,4,2012
2835962684,Merops persicus,MA,Morocco - Er-Rissani,,1,31.265832,-4.158537,727,4,2012
2838576544,Merops persicus,MA,Morocco - Es-Sfalat,,2,31.214445,-4.31289,741,4,2013
2839329305,Merops persicus,MA,Morocco - Ouarzazate - Barrage Al Mansour Ad-Dahbi,,6,30.971068,-6.761488,1114,7,2015
2832834643,Merops persicus,MA,Morocco - Rissani,,2,31.2816,-4.2499,748,3,2017
2832947428,Merops persicus,MA,Morocco - Erfoud,,1,31.4097,-4.249,791,3,2017
2839474516,Merops persicus,MA,Morocco - Er-Rissani,,1,31.2937,-4.2059,742,4,2014
2839848565,Merops persicus,MA,Morocco - Er-Rissani,,10,31.2637,-4.2343,748,3,2017
2839636411,Merops persicus,MA,Morocco - Aarab Sebbah Ziz,,12,31.372907,-4.262466,772,3,2016
2834230015,Merops persicus,MA,Morocco - Chorfa M'Daghra,,2,31.86136,-4.283059,963,3,2014
2840513431,Merops persicus,MA,Morocco - Erfoud,,1,31.4249,-4.2596,791,4,2014
2842586578,Merops persicus,MA,Morocco - Melaab,,2,31.5424,-4.6604,891,4,2017
3824182911,Merops persicus,MA,Morocco - N'Kob,,7,30.859036,-5.82279,988,4,2022
2832726418,Merops persicus,MA,Morocco - Es-Sfalat,,2,31.2328,-4.2382,746,4,2016
2836564827,Merops persicus,MA,Morocco - Arfoud,,10,31.4235,-4.2343,798,8,2017
2835961028,Merops persicus,MA,Morocco - Ouarzazate,,2,30.920892,-6.86455,1100,4,2018
2838529760,Merops persicus,MA,Morocco - Tansifte,,2,30.674639,-6.407272,905,4,2012
3825065759,Merops persicus,MA,Morocco - Ouarzazate,,4,30.926296,-6.879418,1122,4,2016
2840172272,Merops persicus,MA,Morocco - Chorfa M'Daghra,,2,31.888627,-4.321392,982,5,2018
2839553778,Merops persicus,MA,Morocco - Chorfa M'Daghra,,2,31.8498,-4.2567,958,4,2016
2835498330,Merops persicus,MA,Morocco - Erfoud,,10,31.406396,-4.232483,784,4,2012
2832332543,Merops persicus,MA,Morocco - Es-Sfalat,,2,31.276569,-4.339174,742,4,2013
2838620633,Merops persicus,MA,Morocco - Ouarzazate - Barrage Al Mansour Ad-Dahbi,,8,30.964699,-6.73799,1120,5,2013
2843996231,Merops persicus,MA,Morocco - Rissani,,2,31.263904,-4.238558,746,4,2017
2840078158,Merops persicus,MA,Morocco - Fezouata,,1,30.186164,-5.577236,650,3,2017
2840349978,Merops persicus,MA,Morocco - Aoufous,,10,31.647518,-4.189439,880,5,2010
2836065554,Merops persicus,MA,Morocco - Tansifte,,6,30.670243,-6.394272,910,3,2014
2840314836,Merops persicus,MA,Morocco - Souss - Massa - Draâ,,6,30.968208,-6.725178,1132,3,2009
2839532416,Merops persicus,MA,Morocco - Oulad Yahia Lagraire,,5,30.687111,-6.192484,854,4,2016
2834517299,Merops persicus,MA,Morocco - Ouarzazate - Barrage Al Mansour Ad-Dahbi,,3,30.922603,-6.860389,1095,7,2013
3821965811,Merops persicus,MA,Morocco,,1,31.883425,-6.314575,2049,8,2009
2838541171,Merops persicus,MA,Morocco - Ouarzazate - Barrage Al Mansour Ad-Dahbi,,10,30.973782,-6.758335,1112,5,2011
2841518238,Merops persicus,MA,Morocco - Es-Sfalat,,1,31.280776,-4.353238,744,4,2016
2840245149,Merops persicus,MA,Morocco - Chorfa M'Daghra,,2,31.860824,-4.269285,962,4,2018
2838429763,Merops persicus,MA,Morocco - Er-Rissani,,1,31.265832,-4.158537,727,4,2012
2832660387,Merops persicus,MA,Morocco - Er-Rteb,,2,31.637357,-4.218678,866,3,2016
2833293415,Merops persicus,MA,Morocco - Es-Sfalat,,3,31.22,-4.31,741,4,2018
2835577824,Merops persicus,MA,Morocco - Erfoud,,2,31.431591,-4.227046,789,6,2014
2840971751,Merops persicus,MA,Morocco - Fezna,,3,31.50179,-4.420127,819,4,2015
2835922455,Merops persicus,MA,Morocco - Ferkla El Oulia,,16,31.500068,-5.069499,1008,4,2016
2837571406,Merops persicus,MA,Morocco - Es-Sfalat,,1,31.2801,-4.3522,742,3,2014
2832739284,Merops persicus,MA,Morocco - Oulad Yahia Lagraire,,5,30.687111,-6.192484,854,4,2016
2842270442,Merops persicus,MA,Morocco - Rissani,,2,31.257799,-4.287846,749,4,2016
2839657648,Merops persicus,MA,Morocco - Rissani,,2,31.290434,-4.270163,752,4,2016
2839639463,Merops persicus,MA,Morocco - Rissani,,8,31.28825,-4.24158,750,4,2016
2841154832,Merops persicus,MA,Morocco - Rissani,,7,31.294184,-4.243727,753,4,2012
2836727782,Merops persicus,MA,Morocco - Bni M'Hamed Sijelmassa,,6,31.29,-4.092,747,4,2017
2841048609,Merops persicus,MA,Morocco - Tansifte,,2,30.675051,-6.407046,902,9,2013
2839432199,Merops persicus,MA,Morocco - Es-Sfalat,,2,31.276569,-4.339174,742,4,2013
2832388687,Merops persicus,MA,Morocco - Es-Sfalat,,2,31.234879,-4.273288,745,4,2012
2836243714,Merops persicus,MA,Morocco - Dadès-Draa\n,,3,30.6858,-6.192,854,3,2018
2843591435,Merops persicus,MA,Morocco - Rissani,,2,31.26,-4.24,744,5,2018
2833790495,Merops persicus,MA,Morocco - Rissani,,8,31.265431,-4.239459,747,3,2019
3824261653,Merops persicus,MA,Morocco - Er-Rissani,,5,31.293629,-4.212556,746,5,2022
2837605352,Merops persicus,MA,Morocco - Jorf,,20,31.48639,-4.399003,816,3,2008
3825984110,Merops persicus,MA,Morocco - Agdz,,10,30.671969,-6.391683,909,4,2022
2832491178,Merops persicus,MA,Morocco - Ouarzazate - Barrage Al Mansour Ad-Dahbi,,8,30.964699,-6.73799,1120,5,2013
2832781505,Merops persicus,MA,Morocco - Ouarzazate - Barrage Al Mansour Ad-Dahbi,,2,30.9751,-6.7404,1127,4,2016
3905678910,Merops persicus,MA,Morocco - Idelsane,,2,31.028237,-6.581717,1161,6,2022
2839746389,Merops persicus,MA,Morocco - Meknès - Tafilalet,,10,31.681579,-4.183903,876,3,2009
2840771569,Merops persicus,MA,Morocco - Agdz,,15,30.67792,-6.403198,912,3,2014
2838849674,Merops persicus,MA,Morocco - M'Hamid El Ghizlane,,25,29.866296,-5.635754,565,4,2012
2838698462,Merops persicus,MA,Morocco - Arfoud,,10,31.426788,-4.240723,789,4,2013
2839640564,Merops persicus,MA,Morocco - Moulay Ali Cherif,,15,31.288948,-4.255127,758,4,2016
2832446480,Merops persicus,MA,Morocco - Chorfa M'Daghra,,2,31.860143,-4.267481,960,4,2014
3826947018,Merops persicus,MA,Morocco - Tansifte,,3,30.669966,-6.393242,912,4,2022
2834813772,Merops persicus,MA,Morocco - Fezna,,3,31.50179,-4.420127,819,4,2015
2838647662,Merops persicus,MA,Morocco - Rissani,,2,31.272861,-4.283546,740,3,2012
2832516829,Merops persicus,MA,Morocco - Aarab Sebbah Ziz,,1,31.431093,-4.302925,781,4,2015
2833038012,Merops persicus,MA,Morocco - Erfoud,,3,31.415532,-4.238563,788,5,2017
3826735940,Merops persicus,MA,Morocco - Er-Rissani,,1,31.2616,-4.2303,743,4,2018
2225075377,Merops persicus,MA,Es soufla,Meknès-Tafilalet,4,31.53324,-5.009961,974,4,2017
1788719627,Merops persicus,MA,"Maroc-Ouarzazate, hôtel Les Jardins de Ouarzazate",Sous-Massa-Draa,1,30.904617,-6.911034,1120,4,2014
2668498538,Merops persicus,MA,Oulad Aissa,Meknès-Tafilalet,6,31.76903,-4.192786,994,4,2019
2696359388,Merops persicus,MA,Ridge West of Rissani (Pharaoh Eagle Owl site),Meknès-Tafilalet,3,31.278028,-4.349556,773,4,2019
2839620679,Merops persicus,MA,Morocco - Rissani,,1,31.292893,-4.246273,751,4,2015
2840008893,Merops persicus,MA,Morocco - Meknès - Tafilalet,,10,31.681579,-4.183903,876,3,2009
2839960422,Merops persicus,MA,Morocco - Moulay Ali Cherif,,15,31.288948,-4.255127,758,4,2016
2836117280,Merops persicus,MA,Morocco - Moulay Ali Cherif,,100,31.28779,-4.255848,745,3,2016
2832839711,Merops persicus,MA,Morocco - Chorfa M'Daghra,,1,31.861,-4.2707,964,4,2016
2836373718,Merops persicus,MA,Morocco - Moulay Ali Cherif,,1,31.28528,-4.260407,752,4,2017
2841962839,Merops persicus,MA,Morocco - Gheris Es-Soufli,,8,31.611223,-4.778917,924,3,2016
2835459836,Merops persicus,MA,Morocco - Ouarzazate,,3,30.918018,-6.885702,1104,4,2012
2832636395,Merops persicus,MA,Morocco - Ouarzazate - Barrage Al Mansour Ad-Dahbi,,6,30.971068,-6.761488,1114,7,2015
2832811492,Merops persicus,MA,Morocco - Chorfa M'Daghra,,1,31.8955,-4.3309,979,4,2016
2836765632,Merops persicus,MA,Morocco - Bni M'Hamed Sijelmassa,,1,31.2888,-4.0921,749,4,2017
2832673645,Merops persicus,MA,Morocco - Chorfa M'Daghra,,2,31.8498,-4.2567,958,4,2016
3824992343,Merops persicus,MA,Morocco - Chorfa M'Daghra,,2,31.86136,-4.283059,963,3,2014
2840629178,Merops persicus,MA,Morocco - Fezna,,4,31.503212,-4.421993,822,4,2017
2842369410,Merops persicus,MA,Morocco - Rissani,,2,31.292634,-4.225616,747,4,2016
